true
---
This is a simple list of mutable joint states
---
true
---
each line has the form
---
true
---
"joint_name: <double_value>"
---
basler1_pitch_joint: -0.098614815533207
basler1_roll_joint: -2.12871539382379
basler1_x_joint: -0.809054716935336
basler1_y_joint: 0.818732121588439
basler1_yaw_joint: -2.69447953057882
basler1_z_joint: 0.788192192713616
basler2_pitch_joint: 2.91033473362456e-14
basler2_roll_joint: 3.13999999999997
basler2_x_joint: 0.700000000000001
basler2_y_joint: 3.97216100614904e-17
basler2_yaw_joint: -1.57
basler2_z_joint: 1.54
basler3_pitch_joint: -0.0392908548449856
basler3_roll_joint: -2.66675459340984
basler3_x_joint: -1.26101159169473
basler3_y_joint: 0.0676289851737056
basler3_yaw_joint: -1.5981667056338
basler3_z_joint: 1.50380960849884
basler4_pitch_joint: -0.0600504256319408
basler4_roll_joint: -2.40175366344105
basler4_x_joint: -0.735898378557785
basler4_y_joint: -0.707804551777876
basler4_yaw_joint: -0.753484460943456
basler4_z_joint: 0.950809509438248
basler5_pitch_joint: -0.0378785292183084
basler5_roll_joint: -2.42857443277492
basler5_x_joint: -0.89587167022142
basler5_y_joint: -0.568333704208875
basler5_yaw_joint: -0.745251399619231
basler5_z_joint: 0.942108145364492
basler6_pitch_joint: -0.0144484526491601
basler6_roll_joint: -3.13723854427573
basler6_x_joint: 0.0263267473149289
basler6_y_joint: 0.611356052165529
basler6_yaw_joint: 0.00239619119652009
basler6_z_joint: 1.51223754790872
basler7_pitch_joint: -0.0040990027510947
basler7_roll_joint: -3.12771728680104
basler7_x_joint: -0.659717880535462
basler7_y_joint: -0.0100229860736956
basler7_yaw_joint: 1.55484232980042
basler7_z_joint: 1.51348822312303