true
---
This is a simple list of mutable joint states
---
true
---
each line has the form
---
true
---
"joint_name: <double_value>"
---
basler1_pitch_joint: -0.0986273631007564
basler1_roll_joint: -2.12879945001054
basler1_x_joint: -0.809066116519465
basler1_y_joint: 0.818746549679742
basler1_yaw_joint: -2.69443045139481
basler1_z_joint: 0.788303304002604
basler2_pitch_joint: 3.03793448730438e-14
basler2_roll_joint: 3.13999999999997
basler2_x_joint: 0.700000000000001
basler2_y_joint: -6.00584476085925e-17
basler2_yaw_joint: -1.57
basler2_z_joint: 1.54
basler3_pitch_joint: -0.0389004088943423
basler3_roll_joint: -2.66624376506295
basler3_x_joint: -1.26174156554959
basler3_y_joint: 0.0668661286298243
basler3_yaw_joint: -1.59761338012622
basler3_z_joint: 1.5037999424615
basler4_pitch_joint: -0.055471563456619
basler4_roll_joint: -2.39865841951307
basler4_x_joint: -0.735976271430927
basler4_y_joint: -0.713442085968352
basler4_yaw_joint: -0.748113192430874
basler4_z_joint: 0.952326482483176
basler5_pitch_joint: -0.0375499592190371
basler5_roll_joint: -2.43312139780646
basler5_x_joint: -0.894254445452831
basler5_y_joint: -0.566561499855808
basler5_yaw_joint: -0.745725750432246
basler5_z_joint: 0.943591005002881
basler6_pitch_joint: -0.0144334281897379
basler6_roll_joint: -3.13725109756447
basler6_x_joint: 0.0263379802617025
basler6_y_joint: 0.611372736918838
basler6_yaw_joint: 0.00238654200118149
basler6_z_joint: 1.51224272826768
basler7_pitch_joint: -0.00403444268316702
basler7_roll_joint: -3.12772234576456
basler7_x_joint: -0.659714288119845
basler7_y_joint: -0.00996864657926529
basler7_yaw_joint: 1.55484675961719
basler7_z_joint: 1.51352423586005