image_width: 1280
image_height: 1024
camera_name: 21503281
camera_matrix:
  rows: 3
  cols: 3
  data: [2949.16850347433, 0, 676.86067966612, 0, 2961.56133515886, 355.02315921504, 0, 0, 1]
distortion_model: plumb_bob
distortion_coefficients:
  rows: 1
  cols: 5
  data: [0.0516906706779294, -0.579728552449125, -0.00516265339036457, 0.0212176981371195, 0]
rectification_matrix:
  rows: 3
  cols: 3
  data: [1, 0, 0, 0, 1, 0, 0, 0, 1]
projection_matrix:
  rows: 3
  cols: 4
  data: [2948.24609375, 0, 685.894112133421, 0, 0, 2979.962890625, 352.564374065594, 0, 0, 0, 1, 0]