image_width: 1920
image_height: 1080
camera_name: 21511083
camera_matrix:
  rows: 3
  cols: 3
  data: [3890.954641, 0.0, 996.079536, 0.0, 3881.917546, 579.179289, 0.0, 0.0, 1.0]
distortion_model: plumb_bob
distortion_coefficients:
  rows: 1
  cols: 5
  data: [0.0, 0.0, 0.0, 0.000000, 0.000000]
rectification_matrix:
  rows: 3
  cols: 3
  data: [1.0, 0.0, 0.0, 0.0, 1.0, 0.0, 0.0, 0.0, 1.0]
projection_matrix:
  rows: 3
  cols: 4
  data: [3890.954641, 0.0, 996.079536, 0.0, 0.0, 3881.917546, 579.179289, 0.0, 0.0, 0.0, 1.0, 0.0]
