image_width: 1280
image_height: 1024
camera_name: 21503281
camera_matrix:
  rows: 3
  cols: 3
  data: [3117.89720496299, 0, 577.257487362721, 0, 3126.1303823682, 500.203725640799, 0, 0, 1]
distortion_model: plumb_bob
distortion_coefficients:
  rows: 1
  cols: 5
  data: [-0.121750437980482, 0.386948008918906, 0.00447751967363136, -0.00631885133259719, 0]
rectification_matrix:
  rows: 3
  cols: 3
  data: [1, 0, 0, 0, 1, 0, 0, 0, 1]
projection_matrix:
  rows: 3
  cols: 4
  data: [3099.50390625, 0, 573.776888352935, 0, 0, 3115.28735351562, 500.862849139936, 0, 0, 0, 1, 0]