f = [
 -1.00000  -1.00000   0.40000  -1.00201  -0.99889   0.39471   0.06299   0.06914   0.07344;
 -1.00000  -0.90000   0.40000  -0.99475  -0.89572   0.40309   0.07042   0.06185   0.07559;
 -1.00000  -0.80000   0.40000  -0.99481  -0.80013   0.38573   0.06326   0.06572   0.06889;
 -1.00000  -0.70000   0.40000  -0.99658  -0.69781   0.39909   0.07005   0.06327   0.07081;
 -1.00000  -0.60000   0.40000  -1.00089  -0.59776   0.39331   0.06610   0.06252   0.06339;
 -1.00000  -0.50000   0.40000  -0.99229  -0.49474   0.39628   0.06598   0.06792   0.06403;
 -1.00000  -0.40000   0.40000  -0.99743  -0.40851   0.39670   0.06084   0.06451   0.07193;
 -1.00000  -0.30000   0.40000  -1.00136  -0.29658   0.39303   0.01470   0.03706   0.07559;
 -1.00000  -0.20000   0.40000  -1.00000  -0.20000   0.40000   0.00005   0.00012   0.00014;
 -1.00000  -0.10000   0.40000  -1.00000  -0.10000   0.40000   0.00005   0.00014   0.00013;
 -1.00000   0.00000   0.40000  -1.00211   0.01129   0.38917   0.00989   0.05297   0.05083;
 -1.00000   0.10000   0.40000  -1.00158   0.10996   0.39188   0.00696   0.04391   0.03581;
 -1.00000   0.20000   0.40000  -1.00064   0.20462   0.39672   0.00860   0.06230   0.04418;
 -1.00000   0.30000   0.40000  -1.00106   0.30864   0.39458   0.00686   0.05616   0.03523;
 -1.00000   0.40000   0.40000  -1.00013   0.40118   0.39934   0.00862   0.07888   0.04436;
 -1.00000   0.50000   0.40000  -0.99982   0.49816   0.40094   0.00760   0.07667   0.03908;
 -1.00000   0.60000   0.40000  -0.99980   0.59781   0.40102   0.00786   0.08673   0.04041;
 -1.00000   0.70000   0.40000  -0.99957   0.69483   0.40222   0.00710   0.08505   0.03651;
 -1.00000   0.80000   0.40000  -1.00034   0.80439   0.39825   0.00730   0.09440   0.03755;
 -1.00000   0.90000   0.40000  -1.00001   0.90008   0.39997   0.00782   0.10844   0.04019;
 -1.00000   1.00000   0.40000  -1.00169   1.02501   0.39132   0.00613   0.09083   0.03151;
 -0.90000  -1.00000   0.40000  -0.90515  -0.99373   0.40083   0.07347   0.07016   0.06081;
 -0.90000  -0.90000   0.40000  -0.90287  -0.89908   0.39519   0.06755   0.07152   0.06520;
 -0.90000  -0.80000   0.40000  -0.90981  -0.80295   0.40587   0.06216   0.06475   0.06206;
 -0.90000  -0.70000   0.40000  -0.89963  -0.71573   0.40542   0.06324   0.07215   0.06863;
 -0.90000  -0.60000   0.40000  -0.89607  -0.59581   0.40738   0.06384   0.06338   0.06896;
 -0.90000  -0.50000   0.40000  -0.90244  -0.49559   0.40158   0.06365   0.06973   0.06669;
 -0.90000  -0.40000   0.40000  -0.90017  -0.39495   0.38351   0.00142   0.04121   0.13450;
 -0.90000  -0.30000   0.40000  -0.90000  -0.30000   0.40000   0.00001   0.00001   0.00004;
 -0.90000  -0.20000   0.40000  -0.90000  -0.20000   0.40000   0.00001   0.00001   0.00004;
 -0.90000  -0.10000   0.40000  -0.90000  -0.10000   0.40000   0.00003   0.00013   0.00013;
 -0.90000   0.00000   0.40000  -0.90000   0.00000   0.40000   0.00003   0.00015   0.00012;
 -0.90000   0.10000   0.40000  -0.90000   0.10001   0.40000   0.00003   0.00016   0.00012;
 -0.90000   0.20000   0.40000  -0.90000   0.20001   0.39999   0.00003   0.00018   0.00011;
 -0.90000   0.30000   0.40000  -0.90000   0.30002   0.39999   0.00003   0.00020   0.00011;
 -0.90000   0.40000   0.40000  -0.90000   0.40002   0.39999   0.00003   0.00023   0.00012;
 -0.90000   0.50000   0.40000  -0.90000   0.50003   0.39999   0.00003   0.00026   0.00012;
 -0.90000   0.60000   0.40000  -0.90000   0.60003   0.39998   0.00003   0.00029   0.00013;
 -0.90000   0.70000   0.40000  -0.90000   0.70004   0.39998   0.00003   0.00034   0.00014;
 -0.90000   0.80000   0.40000  -0.90000   0.80005   0.39998   0.00004   0.00039   0.00014;
 -0.90000   0.90000   0.40000  -0.90000   0.90006   0.39998   0.00004   0.00045   0.00016;
 -0.90000   1.00000   0.40000  -0.89993   0.97930   0.40718   0.00043   0.11578   0.04018;
 -0.80000  -1.00000   0.40000  -0.79632  -1.00243   0.39197   0.06839   0.06815   0.05907;
 -0.80000  -0.90000   0.40000  -0.79322  -0.90355   0.40157   0.06446   0.06946   0.06658;
 -0.80000  -0.80000   0.40000  -0.80250  -0.80979   0.40069   0.06316   0.06241   0.05938;
 -0.80000  -0.70000   0.40000  -0.79448  -0.69020   0.38300   0.06293   0.06919   0.06403;
 -0.80000  -0.60000   0.40000  -0.79613  -0.59638   0.40748   0.06554   0.06517   0.06655;
 -0.80000  -0.50000   0.40000  -0.78957  -0.49264   0.33988   0.02270   0.01604   0.13095;
 -0.80000  -0.40000   0.40000  -0.80000  -0.40000   0.40001   0.00002   0.00007   0.00014;
 -0.80000  -0.30000   0.40000  -0.80000  -0.30000   0.40000   0.00001   0.00001   0.00004;
 -0.80000  -0.20000   0.40000  -0.80000  -0.20000   0.40000   0.00001   0.00001   0.00004;
 -0.80000  -0.10000   0.40000  -0.80000  -0.10000   0.40000   0.00001   0.00001   0.00002;
 -0.80000   0.00000   0.40000  -0.80000  -0.00000   0.40000   0.00001   0.00001   0.00002;
 -0.80000   0.10000   0.40000  -0.80000   0.10000   0.40000   0.00001   0.00001   0.00002;
 -0.80000   0.20000   0.40000  -0.80000   0.20000   0.40000   0.00001   0.00001   0.00002;
 -0.80000   0.30000   0.40000  -0.80000   0.30000   0.40000   0.00001   0.00001   0.00002;
 -0.80000   0.40000   0.40000  -0.80000   0.40000   0.40000   0.00001   0.00001   0.00002;
 -0.80000   0.50000   0.40000  -0.80000   0.50002   0.39999   0.00003   0.00024   0.00011;
 -0.80000   0.60000   0.40000  -0.80000   0.60003   0.39999   0.00003   0.00027   0.00012;
 -0.80000   0.70000   0.40000  -0.80000   0.70004   0.39998   0.00003   0.00031   0.00013;
 -0.80000   0.80000   0.40000  -0.80000   0.80004   0.39998   0.00003   0.00036   0.00013;
 -0.80000   0.90000   0.40000  -0.80000   0.90005   0.39998   0.00003   0.00042   0.00015;
 -0.80000   1.00000   0.40000  -0.80000   1.00006   0.39998   0.00003   0.00048   0.00016;
 -0.70000  -1.00000   0.40000  -0.69330  -1.01006   0.40438   0.06577   0.06164   0.06885;
 -0.70000  -0.90000   0.40000  -0.70076  -0.90440   0.40101   0.07153   0.06847   0.06629;
 -0.70000  -0.80000   0.40000  -0.70456  -0.81103   0.40123   0.06529   0.06448   0.05755;
 -0.70000  -0.70000   0.40000  -0.69480  -0.68869   0.40070   0.06457   0.06869   0.07525;
 -0.70000  -0.60000   0.40000  -0.68908  -0.60188   0.36944   0.03168   0.00545   0.08863;
 -0.70000  -0.50000   0.40000  -0.70000  -0.50000   0.40001   0.00004   0.00005   0.00014;
 -0.70000  -0.40000   0.40000  -0.70000  -0.40000   0.40001   0.00003   0.00007   0.00013;
 -0.70000  -0.30000   0.40000  -0.70000  -0.30000   0.40000   0.00001   0.00001   0.00003;
 -0.70000  -0.20000   0.40000  -0.70000  -0.20000   0.40000   0.00001   0.00001   0.00003;
 -0.70000  -0.10000   0.40000  -0.70000  -0.10000   0.40000   0.00001   0.00001   0.00002;
 -0.70000   0.00000   0.40000  -0.70000  -0.00000   0.40000   0.00001   0.00000   0.00002;
 -0.70000   0.10000   0.40000  -0.70000   0.10000   0.40000   0.00001   0.00000   0.00002;
 -0.70000   0.20000   0.40000  -0.70000   0.20000   0.40000   0.00000   0.00000   0.00001;
 -0.70000   0.30000   0.40000  -0.70000   0.30000   0.40000   0.00000   0.00000   0.00001;
 -0.70000   0.40000   0.40000  -0.70000   0.40000   0.40000   0.00001   0.00001   0.00001;
 -0.70000   0.50000   0.40000  -0.70000   0.50002   0.39999   0.00003   0.00023   0.00011;
 -0.70000   0.60000   0.40000  -0.70000   0.60003   0.39999   0.00004   0.00026   0.00011;
 -0.70000   0.70000   0.40000  -0.70000   0.70003   0.39999   0.00004   0.00029   0.00012;
 -0.70000   0.80000   0.40000  -0.70000   0.80004   0.39998   0.00004   0.00034   0.00013;
 -0.70000   0.90000   0.40000  -0.70000   0.90005   0.39998   0.00004   0.00039   0.00014;
 -0.70000   1.00000   0.40000  -0.70000   1.00006   0.39998   0.00004   0.00045   0.00015;
 -0.60000  -1.00000   0.40000  -0.59590  -0.99883   0.40438   0.06994   0.06897   0.07172;
 -0.60000  -0.90000   0.40000  -0.59682  -0.89946   0.39819   0.06880   0.07212   0.06040;
 -0.60000  -0.80000   0.40000  -0.59002  -0.80930   0.39902   0.07005   0.06151   0.05780;
