f = [
 -1.00000  -1.00000   1.00000  -1.00201  -0.99889   0.99471   0.06299   0.06914   0.07344;
 -1.00000  -0.90000   1.00000  -0.99475  -0.89572   1.00309   0.07042   0.06185   0.07559;
 -1.00000  -0.80000   1.00000  -0.99481  -0.80013   0.98573   0.06326   0.06572   0.06889;
 -1.00000  -0.70000   1.00000  -1.03187  -0.74023   1.01701   0.19786   0.24971   0.10556;
 -1.00000  -0.60000   1.00000  -1.02005  -0.60634   1.01070   0.08586   0.02715   0.04581;
 -1.00000  -0.50000   1.00000  -0.99229  -0.49474   0.99628   0.06598   0.06792   0.06403;
 -1.00000  -0.40000   1.00000  -0.99743  -0.40851   0.99670   0.06084   0.06451   0.07193;
 -1.00000  -0.30000   1.00000  -1.00202  -0.30345   1.00339   0.06019   0.06407   0.06187;
 -1.00000  -0.20000   1.00000  -0.99533  -0.19331   1.00994   0.06940   0.06491   0.06981;
 -1.00000  -0.10000   1.00000  -0.99489  -0.09895   1.00522   0.06934   0.06673   0.06608;
 -1.00000   0.00000   1.00000  -0.99938  -0.00016   0.99881   0.04426   0.01131   0.08519;
 -1.00000   0.10000   1.00000  -0.99666   0.10042   0.99357   0.04513   0.00571   0.08687;
 -1.00000   0.20000   1.00000  -1.00232   0.19882   1.00446   0.03754   0.01910   0.07226;
 -1.00000   0.30000   1.00000  -1.00487   0.30729   1.00097   0.06227   0.06075   0.06232;
 -1.00000   0.40000   1.00000  -0.99105   0.39233   1.00058   0.06974   0.06891   0.06934;
 -1.00000   0.50000   1.00000  -0.99992   0.49083   1.00830   0.07722   0.06274   0.06336;
 -1.00000   0.60000   1.00000  -0.99387   0.59473   1.00503   0.07097   0.07162   0.06569;
 -1.00000   0.70000   1.00000  -1.01110   0.69280   1.00926   0.06792   0.06051   0.06698;
 -1.00000   0.80000   1.00000  -0.99208   0.79082   0.99645   0.06924   0.06664   0.06731;
 -1.00000   0.90000   1.00000  -1.00260   0.90580   1.00801   0.07460   0.06704   0.06946;
 -1.00000   1.00000   1.00000  -1.00112   0.99591   0.98578   0.06254   0.06301   0.05903;
 -0.90000  -1.00000   1.00000  -0.90515  -0.99373   1.00083   0.07347   0.07016   0.06081;
 -0.90000  -0.90000   1.00000  -0.90287  -0.89908   0.99519   0.06755   0.07152   0.06520;
 -0.90000  -0.80000   1.00000  -0.90981  -0.80295   1.00587   0.06216   0.06475   0.06206;
 -0.90000  -0.70000   1.00000  -0.90148  -0.73446   1.01457   0.00780   0.18108   0.07655;
 -0.90000  -0.60000   1.00000  -0.89708  -0.58297   0.97167   0.07373   0.42943   0.72063;
 -0.90000  -0.50000   1.00000  -0.90244  -0.49559   1.00158   0.06365   0.06973   0.06669;
 -0.90000  -0.40000   1.00000  -0.89144  -0.40892   1.00641   0.06734   0.06511   0.06574;
 -0.90000  -0.30000   1.00000  -0.90561  -0.30068   0.99235   0.06495   0.07664   0.06652;
 -0.90000  -0.20000   1.00000  -0.90256  -0.20022   1.00010   0.06785   0.05721   0.06214;
 -0.90000  -0.10000   1.00000  -0.90329  -0.09427   1.00023   0.07001   0.07618   0.06558;
 -0.90000   0.00000   1.00000  -0.89231  -0.00142   0.98929   0.04023   0.00744   0.05603;
 -0.90000   0.10000   1.00000  -0.89553   0.10041   0.99377   0.04003   0.00367   0.05575;
 -0.90000   0.20000   1.00000  -0.89474   0.20193   0.99267   0.03906   0.01437   0.05440;
 -0.90000   0.30000   1.00000  -0.88932   0.30003   0.99144   0.06899   0.06842   0.07909;
 -0.90000   0.40000   1.00000  -0.91485   0.40047   0.99721   0.06618   0.07098   0.06240;
 -0.90000   0.50000   1.00000  -0.89700   0.50646   0.99609   0.07120   0.05638   0.06418;
 -0.90000   0.60000   1.00000  -0.89871   0.59153   1.00559   0.06218   0.06724   0.06203;
 -0.90000   0.70000   1.00000  -0.89783   0.69122   0.99281   0.07088   0.06804   0.06010;
 -0.90000   0.80000   1.00000  -0.90218   0.81129   0.99405   0.06634   0.06887   0.05744;
 -0.90000   0.90000   1.00000  -0.90612   0.90405   0.99974   0.06547   0.07748   0.06439;
 -0.90000   1.00000   1.00000  -0.90471   1.00073   1.01498   0.05866   0.06527   0.07037;
 -0.80000  -1.00000   1.00000  -0.79632  -1.00243   0.99197   0.06839   0.06815   0.05907;
 -0.80000  -0.90000   1.00000  -0.79322  -0.90355   1.00157   0.06446   0.06946   0.06658;
 -0.80000  -0.80000   1.00000  -0.82512  -0.83401   1.01870   0.04469   0.06052   0.03327;
 -0.80000  -0.70000   1.00000  -0.79448  -0.69020   0.98300   0.06293   0.06919   0.06403;
 -0.80000  -0.60000   1.00000  -0.79613  -0.59638   1.00748   0.06554   0.06517   0.06655;
 -0.80000  -0.50000   1.00000  -0.80563  -0.49578   0.99373   0.06462   0.06160   0.05592;
 -0.80000  -0.40000   1.00000  -0.80190  -0.40240   1.00008   0.06499   0.06414   0.05858;
 -0.80000  -0.30000   1.00000  -0.80349  -0.30102   0.99188   0.06709   0.07176   0.07017;
 -0.80000  -0.20000   1.00000  -0.79734  -0.20607   1.00433   0.06174   0.06415   0.06736;
 -0.80000  -0.10000   1.00000  -0.78627  -0.10657   1.01177   0.06839   0.06477   0.06520;
 -0.80000   0.00000   1.00000  -0.79523  -0.00040   1.00043   0.05989   0.06483   0.06216;
 -0.80000   0.10000   1.00000  -0.79513   0.08588   0.99551   0.06837   0.06910   0.06086;
 -0.80000   0.20000   1.00000  -0.79153   0.19217   1.00339   0.06796   0.06691   0.06163;
 -0.80000   0.30000   1.00000  -0.80112   0.30688   0.99736   0.06420   0.06614   0.06180;
 -0.80000   0.40000   1.00000  -0.78694   0.39800   1.00103   0.05765   0.06671   0.07410;
 -0.80000   0.50000   1.00000  -0.79793   0.50122   1.00344   0.05906   0.07093   0.05941;
 -0.80000   0.60000   1.00000  -0.79895   0.60477   0.98663   0.06733   0.06435   0.06856;
 -0.80000   0.70000   1.00000  -0.80583   0.69969   1.01230   0.06443   0.07312   0.07215;
 -0.80000   0.80000   1.00000  -0.80260   0.79971   1.00949   0.06840   0.07027   0.06375;
 -0.80000   0.90000   1.00000  -0.79684   0.89436   1.00494   0.06942   0.05914   0.06472;
 -0.80000   1.00000   1.00000  -0.79973   1.00638   0.99191   0.07299   0.06582   0.06839;
 -0.70000  -1.00000   1.00000  -0.69330  -1.01006   1.00438   0.06577   0.06164   0.06885;
 -0.70000  -0.90000   1.00000  -0.70076  -0.90440   1.00101   0.07153   0.06847   0.06629;
 -0.70000  -0.80000   1.00000  -0.70456  -0.81103   1.00123   0.06529   0.06448   0.05755;
 -0.70000  -0.70000   1.00000  -0.69480  -0.68869   1.00070   0.06457   0.06869   0.07525;
 -0.70000  -0.60000   1.00000  -0.70394  -0.59908   0.99968   0.06002   0.06940   0.07042;
 -0.70000  -0.50000   1.00000  -0.69100  -0.50461   0.99928   0.07430   0.07486   0.06211;
 -0.70000  -0.40000   1.00000  -0.69348  -0.40865   0.99533   0.06307   0.06043   0.06380;
 -0.70000  -0.30000   1.00000  -0.69885  -0.29915   0.99777   0.06553   0.06869   0.06581;
 -0.70000  -0.20000   1.00000  -0.68344  -0.20810   1.00232   0.07219   0.06903   0.06816;
 -0.70000  -0.10000   1.00000  -0.19141   1.03714   7.38681   5.14416  11.50154  64.61051;
 -0.70000   0.00000   1.00000  -0.82972   0.03210  -0.65348   1.12863   0.27932  14.38610;
 -0.70000   0.10000   1.00000  -0.70403   0.11101   0.94858   0.01534   0.04188   0.19555;
 -0.70000   0.20000   1.00000  -0.70992   0.19526   1.00216   0.05970   0.06226   0.06317;
 -0.70000   0.30000   1.00000  -0.69003   0.28675   1.00597   0.06307   0.06310   0.07069;
 -0.70000   0.40000   1.00000  -0.70239   0.40150   1.00632   0.07021   0.06818   0.06573;
 -0.70000   0.50000   1.00000  -0.68796   0.49680   1.01102   0.06821   0.06796   0.06713;
 -0.70000   0.60000   1.00000  -0.71335   0.60554   0.99462   0.06481   0.07312   0.07682;
 -0.70000   0.70000   1.00000  -0.71354   0.69650   1.00685   0.06884   0.06062   0.06565;
 -0.70000   0.80000   1.00000  -0.69444   0.79716   0.98732   0.07012   0.06464   0.06547;
 -0.70000   0.90000   1.00000  -0.70153   0.90150   0.98859   0.06635   0.06376   0.06433;
 -0.70000   1.00000   1.00000  -0.69509   1.00573   0.99486   0.07072   0.06556   0.06332;
 -0.60000  -1.00000   1.00000  -0.59590  -0.99883   1.00438   0.06994   0.06897   0.07172;
 -0.60000  -0.90000   1.00000  -0.59682  -0.89946   0.99819   0.06880   0.07212   0.06040;
 -0.60000  -0.80000   1.00000  -0.59002  -0.80930   0.99902   0.07005   0.06151   0.05780;
