f = [
 -1.00000  -1.00000   0.00000  -1.00201  -0.99889  -0.00529   0.06299   0.06914   0.07344;
 -1.00000  -0.90000   0.00000  -0.99475  -0.89572   0.00309   0.07042   0.06185   0.07559;
 -1.00000  -0.80000   0.00000  -0.99481  -0.80013  -0.01427   0.06326   0.06572   0.06889;
 -1.00000  -0.70000   0.00000  -0.99658  -0.69781  -0.00091   0.07005   0.06327   0.07081;
 -1.00000  -0.60000   0.00000  -1.00089  -0.59776  -0.00669   0.06610   0.06252   0.06339;
 -1.00000  -0.50000   0.00000  -0.99229  -0.49474  -0.00372   0.06598   0.06792   0.06403;
 -1.00000  -0.40000   0.00000  -0.99743  -0.40851  -0.00330   0.06084   0.06451   0.07193;
 -1.00000  -0.30000   0.00000  -1.00202  -0.30345   0.00339   0.06019   0.06407   0.06187;
 -1.00000  -0.20000   0.00000  -1.00157  -0.19458  -0.01395   0.01096   0.03796   0.09772;
 -1.00000  -0.10000   0.00000  -1.00000  -0.10000  -0.00000   0.00005   0.00013   0.00023;
 -1.00000   0.00000   0.00000  -1.00000   0.00000  -0.00001   0.00005   0.00015   0.00022;
 -1.00000   0.10000   0.00000  -1.00000   0.10001  -0.00001   0.00005   0.00017   0.00021;
 -1.00000   0.20000   0.00000  -1.00000   0.20001  -0.00001   0.00005   0.00019   0.00021;
 -1.00000   0.30000   0.00000  -1.00000   0.30002  -0.00002   0.00005   0.00021   0.00020;
 -1.00000   0.40000   0.00000  -1.00001   0.40002  -0.00002   0.00005   0.00023   0.00021;
 -1.00000   0.50000   0.00000  -1.00001   0.50003  -0.00003   0.00005   0.00026   0.00021;
 -1.00000   0.60000   0.00000  -1.00001   0.60004  -0.00003   0.00005   0.00029   0.00021;
 -1.00000   0.70000   0.00000  -1.00001   0.70004  -0.00003   0.00005   0.00033   0.00022;
 -1.00000   0.80000   0.00000  -1.00001   0.80005  -0.00004   0.00006   0.00037   0.00024;
 -1.00000   0.90000   0.00000  -1.00001   0.90006  -0.00004   0.00006   0.00042   0.00025;
 -1.00000   1.00000   0.00000  -1.00001   1.00007  -0.00004   0.00006   0.00048   0.00027;
 -0.90000  -1.00000   0.00000  -0.90515  -0.99373   0.00083   0.07347   0.07016   0.06081;
 -0.90000  -0.90000   0.00000  -0.90287  -0.89908  -0.00481   0.06755   0.07152   0.06520;
 -0.90000  -0.80000   0.00000  -0.90981  -0.80295   0.00587   0.06216   0.06475   0.06206;
 -0.90000  -0.70000   0.00000  -0.89963  -0.71573   0.00542   0.06324   0.07215   0.06863;
 -0.90000  -0.60000   0.00000  -0.89607  -0.59581   0.00738   0.06384   0.06338   0.06896;
 -0.90000  -0.50000   0.00000  -0.90060  -0.50122  -0.00377   0.01499   0.03056   0.09440;
 -0.90000  -0.40000   0.00000  -0.90166  -0.40270  -0.01049   0.01902   0.03086   0.11978;
 -0.90000  -0.30000   0.00000  -0.90000  -0.30000  -0.00001   0.00001   0.00002   0.00008;
 -0.90000  -0.20000   0.00000  -0.90000  -0.20000  -0.00000   0.00001   0.00001   0.00005;
 -0.90000  -0.10000   0.00000  -0.90000  -0.10000  -0.00000   0.00001   0.00001   0.00005;
 -0.90000   0.00000   0.00000  -0.90000   0.00000  -0.00000   0.00001   0.00001   0.00005;
 -0.90000   0.10000   0.00000  -0.90000   0.10000  -0.00000   0.00001   0.00001   0.00005;
 -0.90000   0.20000   0.00000  -0.90000   0.20000  -0.00000   0.00001   0.00001   0.00005;
 -0.90000   0.30000   0.00000  -0.90000   0.30000  -0.00000   0.00001   0.00001   0.00005;
 -0.90000   0.40000   0.00000  -0.90000   0.40000  -0.00000   0.00001   0.00002   0.00005;
 -0.90000   0.50000   0.00000  -0.90000   0.50000  -0.00000   0.00001   0.00002   0.00005;
 -0.90000   0.60000   0.00000  -0.90000   0.60003  -0.00003   0.00003   0.00027   0.00020;
 -0.90000   0.70000   0.00000  -0.90000   0.70004  -0.00003   0.00003   0.00030   0.00021;
 -0.90000   0.80000   0.00000  -0.90000   0.80005  -0.00003   0.00003   0.00034   0.00022;
 -0.90000   0.90000   0.00000  -0.90000   0.90006  -0.00004   0.00004   0.00039   0.00023;
 -0.90000   1.00000   0.00000  -0.90000   1.00006  -0.00004   0.00004   0.00045   0.00025;
 -0.80000  -1.00000   0.00000  -0.79632  -1.00243  -0.00803   0.06839   0.06815   0.05907;
 -0.80000  -0.90000   0.00000  -0.79322  -0.90355   0.00157   0.06446   0.06946   0.06658;
 -0.80000  -0.80000   0.00000  -0.80250  -0.80979   0.00069   0.06316   0.06241   0.05938;
 -0.80000  -0.70000   0.00000  -0.79448  -0.69020  -0.01700   0.06293   0.06919   0.06403;
 -0.80000  -0.60000   0.00000  -0.79613  -0.59638   0.00748   0.06554   0.06517   0.06655;
 -0.80000  -0.50000   0.00000  -0.80033  -0.50114  -0.00353   0.00968   0.03383   0.10448;
 -0.80000  -0.40000   0.00000  -0.80000  -0.40000  -0.00001   0.00001   0.00002   0.00007;
 -0.80000  -0.30000   0.00000  -0.80000  -0.30000  -0.00000   0.00001   0.00001   0.00004;
 -0.80000  -0.20000   0.00000  -0.80000  -0.20000  -0.00000   0.00001   0.00001   0.00004;
 -0.80000  -0.10000   0.00000  -0.80000  -0.10000  -0.00000   0.00001   0.00001   0.00004;
 -0.80000   0.00000   0.00000  -0.80000   0.00000  -0.00000   0.00001   0.00001   0.00004;
 -0.80000   0.10000   0.00000  -0.80000   0.10000  -0.00000   0.00001   0.00001   0.00004;
 -0.80000   0.20000   0.00000  -0.80000   0.20000  -0.00000   0.00001   0.00001   0.00004;
 -0.80000   0.30000   0.00000  -0.80000   0.30000  -0.00000   0.00001   0.00001   0.00005;
 -0.80000   0.40000   0.00000  -0.80000   0.40000  -0.00000   0.00001   0.00002   0.00005;
 -0.80000   0.50000   0.00000  -0.80000   0.50000  -0.00000   0.00001   0.00002   0.00005;
 -0.80000   0.60000   0.00000  -0.80000   0.60003  -0.00002   0.00002   0.00025   0.00019;
 -0.80000   0.70000   0.00000  -0.80000   0.70004  -0.00003   0.00003   0.00028   0.00019;
 -0.80000   0.80000   0.00000  -0.80000   0.80004  -0.00003   0.00003   0.00032   0.00021;
 -0.80000   0.90000   0.00000  -0.80000   0.90005  -0.00003   0.00003   0.00037   0.00022;
 -0.80000   1.00000   0.00000  -0.80000   1.00006  -0.00004   0.00003   0.00042   0.00024;
 -0.70000  -1.00000   0.00000  -0.69330  -1.01006   0.00438   0.06577   0.06164   0.06885;
 -0.70000  -0.90000   0.00000  -0.70076  -0.90440   0.00101   0.07153   0.06847   0.06629;
 -0.70000  -0.80000   0.00000  -0.70456  -0.81103   0.00123   0.06529   0.06448   0.05755;
 -0.70000  -0.70000   0.00000  -0.69480  -0.68869   0.00070   0.06457   0.06869   0.07525;
 -0.70000  -0.60000   0.00000  -0.70394  -0.59908  -0.00032   0.06002   0.06940   0.07042;
 -0.70000  -0.50000   0.00000  -0.70000  -0.50000  -0.00001   0.00001   0.00002   0.00007;
 -0.70000  -0.40000   0.00000  -0.70000  -0.40000  -0.00000   0.00001   0.00001   0.00004;
 -0.70000  -0.30000   0.00000  -0.70000  -0.30000  -0.00000   0.00001   0.00001   0.00004;
 -0.70000  -0.20000   0.00000  -0.70000  -0.20000  -0.00000   0.00001   0.00001   0.00004;
 -0.70000  -0.10000   0.00000  -0.70000  -0.10000   0.00000   0.00000   0.00001   0.00001;
 -0.70000   0.00000   0.00000  -0.70000  -0.00000  -0.00000   0.00001   0.00000   0.00003;
 -0.70000   0.10000   0.00000  -0.70000   0.10000  -0.00000   0.00001   0.00000   0.00002;
 -0.70000   0.20000   0.00000  -0.70000   0.20000  -0.00000   0.00001   0.00001   0.00002;
 -0.70000   0.30000   0.00000  -0.70000   0.30000  -0.00000   0.00001   0.00001   0.00002;
 -0.70000   0.40000   0.00000  -0.70000   0.40000  -0.00000   0.00001   0.00001   0.00002;
 -0.70000   0.50000   0.00000  -0.70000   0.50000  -0.00000   0.00001   0.00001   0.00002;
 -0.70000   0.60000   0.00000  -0.70000   0.60003  -0.00002   0.00003   0.00024   0.00018;
 -0.70000   0.70000   0.00000  -0.70000   0.70003  -0.00003   0.00003   0.00027   0.00018;
 -0.70000   0.80000   0.00000  -0.70000   0.80004  -0.00003   0.00003   0.00031   0.00020;
 -0.70000   0.90000   0.00000  -0.70000   0.90005  -0.00003   0.00004   0.00035   0.00021;
 -0.70000   1.00000   0.00000  -0.70000   1.00006  -0.00004   0.00004   0.00040   0.00023;
 -0.60000  -1.00000   0.00000  -0.59590  -0.99883   0.00438   0.06994   0.06897   0.07172;
 -0.60000  -0.90000   0.00000  -0.59682  -0.89946  -0.00181   0.06880   0.07212   0.06040;
 -0.60000  -0.80000   0.00000  -0.59002  -0.80930  -0.00098   0.07005   0.06151   0.05780;
