f = [
 -1.00000  -1.00000   0.70000  -1.00201  -0.99889   0.69471   0.06299   0.06914   0.07344;
 -1.00000  -0.90000   0.70000  -0.99475  -0.89572   0.70309   0.07042   0.06185   0.07559;
 -1.00000  -0.80000   0.70000  -0.99481  -0.80013   0.68573   0.06326   0.06572   0.06889;
 -1.00000  -0.70000   0.70000  -0.99658  -0.69781   0.69909   0.07005   0.06327   0.07081;
 -1.00000  -0.60000   0.70000  -1.00089  -0.59776   0.69331   0.06610   0.06252   0.06339;
 -1.00000  -0.50000   0.70000  -0.99229  -0.49474   0.69628   0.06598   0.06792   0.06403;
 -1.00000  -0.40000   0.70000  -0.99672  -0.40516   0.70755   0.06178   0.09731   0.14232;
 -1.00000  -0.30000   0.70000  -1.00194  -0.29512   0.69554   0.01996   0.05030   0.04598;
 -1.00000  -0.20000   0.70000  -1.00082  -0.19716   0.69812   0.02206   0.07643   0.05079;
 -1.00000  -0.10000   0.70000  -1.00159  -0.09298   0.69634   0.01697   0.07488   0.03909;
 -1.00000   0.00000   0.70000  -0.99979   0.00916   0.70533   0.07805   0.06521   0.06342;
 -1.00000   0.10000   0.70000  -1.00144   0.10322   0.70179   0.07462   0.06469   0.05723;
 -1.00000   0.20000   0.70000  -1.01293   0.19449   0.70396   0.06986   0.06889   0.06715;
 -1.00000   0.30000   0.70000  -1.00487   0.30729   0.70097   0.06227   0.06075   0.06232;
 -1.00000   0.40000   0.70000  -0.99105   0.39233   0.70058   0.06974   0.06891   0.06934;
 -1.00000   0.50000   0.70000  -0.99992   0.49083   0.70830   0.07722   0.06274   0.06336;
 -1.00000   0.60000   0.70000  -0.99387   0.59473   0.70503   0.07097   0.07162   0.06569;
 -1.00000   0.70000   0.70000  -1.01110   0.69280   0.70926   0.06792   0.06051   0.06698;
 -1.00000   0.80000   0.70000  -0.99208   0.79082   0.69645   0.06924   0.06664   0.06731;
 -1.00000   0.90000   0.70000  -1.00260   0.90580   0.70801   0.07460   0.06704   0.06946;
 -1.00000   1.00000   0.70000  -1.00112   0.99591   0.68578   0.06254   0.06301   0.05903;
 -0.90000  -1.00000   0.70000  -0.90515  -0.99373   0.70083   0.07347   0.07016   0.06081;
 -0.90000  -0.90000   0.70000  -0.90287  -0.89908   0.69519   0.06755   0.07152   0.06520;
 -0.90000  -0.80000   0.70000  -0.90981  -0.80295   0.70587   0.06216   0.06475   0.06206;
 -0.90000  -0.70000   0.70000  -0.89963  -0.71573   0.70542   0.06324   0.07215   0.06863;
 -0.90000  -0.60000   0.70000  -0.89607  -0.59581   0.70738   0.06384   0.06338   0.06896;
 -0.90000  -0.50000   0.70000  -0.89815  -0.52144   0.77847   0.03767   0.43717   1.59983;
 -0.90000  -0.40000   0.70000  -0.90018  -0.39478   0.69237   0.00161   0.04684   0.06849;
 -0.90000  -0.30000   0.70000  -0.90020  -0.29067   0.69147   0.00131   0.06066   0.05544;
 -0.90000  -0.20000   0.70000  -0.90019  -0.18793   0.69198   0.00087   0.05546   0.03685;
 -0.90000  -0.10000   0.70000  -0.90016  -0.08665   0.69303   0.00103   0.08385   0.04378;
 -0.90000   0.00000   0.70000  -0.90000  -0.00000   0.70000   0.00002   0.00001   0.00004;
 -0.90000   0.10000   0.70000  -0.90000   0.10000   0.70000   0.00002   0.00001   0.00003;
 -0.90000   0.20000   0.70000  -0.90000   0.20000   0.70000   0.00001   0.00001   0.00003;
 -0.90000   0.30000   0.70000  -0.90000   0.30000   0.70000   0.00001   0.00001   0.00003;
 -0.90000   0.40000   0.70000  -0.90011   0.41786   0.69550   0.00081   0.13685   0.03448;
 -0.90000   0.50000   0.70000  -0.89700   0.50646   0.69609   0.07120   0.05638   0.06418;
 -0.90000   0.60000   0.70000  -0.89871   0.59153   0.70559   0.06218   0.06724   0.06203;
 -0.90000   0.70000   0.70000  -0.89783   0.69122   0.69281   0.07088   0.06804   0.06010;
 -0.90000   0.80000   0.70000  -0.90218   0.81129   0.69405   0.06634   0.06887   0.05744;
 -0.90000   0.90000   0.70000  -0.90612   0.90405   0.69974   0.06547   0.07748   0.06439;
 -0.90000   1.00000   0.70000  -0.90471   1.00073   0.71498   0.05866   0.06527   0.07037;
 -0.80000  -1.00000   0.70000  -0.79632  -1.00243   0.69197   0.06839   0.06815   0.05907;
 -0.80000  -0.90000   0.70000  -0.79322  -0.90355   0.70157   0.06446   0.06946   0.06658;
 -0.80000  -0.80000   0.70000  -0.80250  -0.80979   0.70069   0.06316   0.06241   0.05938;
 -0.80000  -0.70000   0.70000  -0.79448  -0.69020   0.68300   0.06293   0.06919   0.06403;
 -0.80000  -0.60000   0.70000  -0.79613  -0.59638   0.70748   0.06554   0.06517   0.06655;
 -0.80000  -0.50000   0.70000  -0.80000  -0.50000   0.70001   0.00003   0.00005   0.00007;
 -0.80000  -0.40000   0.70000  -0.80000  -0.40000   0.70000   0.00003   0.00007   0.00007;
 -0.80000  -0.30000   0.70000  -0.80000  -0.30000   0.70000   0.00003   0.00010   0.00007;
 -0.80000  -0.20000   0.70000  -0.80000  -0.20000   0.70000   0.00001   0.00001   0.00003;
 -0.80000  -0.10000   0.70000  -0.80000  -0.10000   0.70000   0.00001   0.00001   0.00003;
 -0.80000   0.00000   0.70000  -0.80000  -0.00000   0.70000   0.00001   0.00001   0.00002;
 -0.80000   0.10000   0.70000  -0.80000   0.10000   0.70000   0.00001   0.00001   0.00002;
 -0.80000   0.20000   0.70000  -0.80000   0.20000   0.70000   0.00001   0.00001   0.00002;
 -0.80000   0.30000   0.70000  -0.80000   0.30000   0.70000   0.00002   0.00001   0.00003;
 -0.80000   0.40000   0.70000  -0.78694   0.39800   0.70103   0.05765   0.06671   0.07410;
 -0.80000   0.50000   0.70000  -0.79793   0.50122   0.70344   0.05906   0.07093   0.05941;
 -0.80000   0.60000   0.70000  -0.79895   0.60477   0.68663   0.06733   0.06435   0.06856;
 -0.80000   0.70000   0.70000  -0.80583   0.69969   0.71230   0.06443   0.07312   0.07215;
 -0.80000   0.80000   0.70000  -0.80260   0.79971   0.70949   0.06840   0.07027   0.06375;
 -0.80000   0.90000   0.70000  -0.79684   0.89436   0.70494   0.06942   0.05914   0.06472;
 -0.80000   1.00000   0.70000  -0.79973   1.00638   0.69191   0.07299   0.06582   0.06839;
 -0.70000  -1.00000   0.70000  -0.69330  -1.01006   0.70438   0.06577   0.06164   0.06885;
 -0.70000  -0.90000   0.70000  -0.70076  -0.90440   0.70101   0.07153   0.06847   0.06629;
 -0.70000  -0.80000   0.70000  -0.70456  -0.81103   0.70123   0.06529   0.06448   0.05755;
 -0.70000  -0.70000   0.70000  -0.69480  -0.68869   0.70070   0.06457   0.06869   0.07525;
 -0.70000  -0.60000   0.70000  -0.70000  -0.60000   0.70001   0.00004   0.00003   0.00007;
 -0.70000  -0.50000   0.70000  -0.70000  -0.50000   0.70001   0.00004   0.00005   0.00007;
 -0.70000  -0.40000   0.70000  -0.70000  -0.40000   0.70001   0.00004   0.00007   0.00007;
 -0.70000  -0.30000   0.70000  -0.70000  -0.30000   0.70000   0.00004   0.00009   0.00006;
 -0.70000  -0.20000   0.70000  -0.70000  -0.20000   0.70000   0.00001   0.00001   0.00003;
 -0.70000  -0.10000   0.70000  -0.70000  -0.10000   0.70000   0.00001   0.00001   0.00003;
 -0.70000   0.00000   0.70000  -0.70000  -0.00000   0.70000   0.00001   0.00001   0.00002;
 -0.70000   0.10000   0.70000  -0.70000   0.10000   0.70000   0.00001   0.00001   0.00002;
 -0.70000   0.20000   0.70000  -0.70000   0.20000   0.70000   0.00001   0.00001   0.00002;
 -0.70000   0.30000   0.70000  -0.69927   0.30030   0.69896   0.03905   0.01621   0.05588;
 -0.70000   0.40000   0.70000  -0.70239   0.40150   0.70632   0.07021   0.06818   0.06573;
 -0.70000   0.50000   0.70000  -0.68796   0.49680   0.71102   0.06821   0.06796   0.06713;
 -0.70000   0.60000   0.70000  -0.71335   0.60554   0.69462   0.06481   0.07312   0.07682;
 -0.70000   0.70000   0.70000  -0.71354   0.69650   0.70685   0.06884   0.06062   0.06565;
 -0.70000   0.80000   0.70000  -0.69444   0.79716   0.68732   0.07012   0.06464   0.06547;
 -0.70000   0.90000   0.70000  -0.70153   0.90150   0.68859   0.06635   0.06376   0.06433;
 -0.70000   1.00000   0.70000  -0.69509   1.00573   0.69486   0.07072   0.06556   0.06332;
 -0.60000  -1.00000   0.70000  -0.59590  -0.99883   0.70438   0.06994   0.06897   0.07172;
 -0.60000  -0.90000   0.70000  -0.59682  -0.89946   0.69819   0.06880   0.07212   0.06040;
 -0.60000  -0.80000   0.70000  -0.59002  -0.80930   0.69902   0.07005   0.06151   0.05780;
