f = [
 -1.00000  -1.00000   0.60000  -1.00201  -0.99889   0.59471   0.06299   0.06914   0.07344;
 -1.00000  -0.90000   0.60000  -0.99475  -0.89572   0.60309   0.07042   0.06185   0.07559;
 -1.00000  -0.80000   0.60000  -0.99481  -0.80013   0.58573   0.06326   0.06572   0.06889;
 -1.00000  -0.70000   0.60000  -0.99658  -0.69781   0.59909   0.07005   0.06327   0.07081;
 -1.00000  -0.60000   0.60000  -1.00089  -0.59776   0.59331   0.06610   0.06252   0.06339;
 -1.00000  -0.50000   0.60000  -0.99229  -0.49474   0.59628   0.06598   0.06792   0.06403;
 -1.00000  -0.40000   0.60000  -0.99743  -0.40851   0.59670   0.06084   0.06451   0.07193;
 -1.00000  -0.30000   0.60000  -1.00157  -0.29605   0.59492   0.01691   0.04261   0.05494;
 -1.00000  -0.20000   0.60000  -1.00121  -0.19582   0.59608   0.01660   0.05751   0.05390;
 -1.00000  -0.10000   0.60000  -1.00093  -0.09590   0.59698   0.01424   0.06281   0.04625;
 -1.00000   0.00000   0.60000  -1.00243   0.01302   0.59210   0.01428   0.07649   0.04639;
 -1.00000   0.10000   0.60000  -1.00238   0.11500   0.59227   0.00996   0.06280   0.03237;
 -1.00000   0.20000   0.60000  -1.00118   0.20858   0.59616   0.01297   0.09399   0.04213;
 -1.00000   0.30000   0.60000  -1.00154   0.31262   0.59500   0.01016   0.08318   0.03299;
 -1.00000   0.40000   0.60000  -1.00029   0.40262   0.59907   0.01271   0.11626   0.04133;
 -1.00000   0.50000   0.60000  -1.00012   0.50123   0.59960   0.01161   0.11714   0.03773;
 -1.00000   0.60000   0.60000  -0.99387   0.59473   0.60503   0.07097   0.07162   0.06569;
 -1.00000   0.70000   0.60000  -1.01110   0.69280   0.60926   0.06792   0.06051   0.06698;
 -1.00000   0.80000   0.60000  -0.99208   0.79082   0.59645   0.06924   0.06664   0.06731;
 -1.00000   0.90000   0.60000  -1.00260   0.90580   0.60801   0.07460   0.06704   0.06946;
 -1.00000   1.00000   0.60000  -1.00112   0.99591   0.58578   0.06254   0.06301   0.05903;
 -0.90000  -1.00000   0.60000  -0.90515  -0.99373   0.60083   0.07347   0.07016   0.06081;
 -0.90000  -0.90000   0.60000  -0.90287  -0.89908   0.59519   0.06755   0.07152   0.06520;
 -0.90000  -0.80000   0.60000  -0.90981  -0.80295   0.60587   0.06216   0.06475   0.06206;
 -0.90000  -0.70000   0.60000  -0.89963  -0.71573   0.60542   0.06324   0.07215   0.06863;
 -0.90000  -0.60000   0.60000  -0.89607  -0.59581   0.60738   0.06384   0.06338   0.06896;
 -0.90000  -0.50000   0.60000  -0.90244  -0.49559   0.60158   0.06365   0.06973   0.06669;
 -0.90000  -0.40000   0.60000  -0.90000  -0.40000   0.60000   0.00004   0.00007   0.00010;
 -0.90000  -0.30000   0.60000  -0.90000  -0.30000   0.60000   0.00003   0.00010   0.00009;
 -0.90000  -0.20000   0.60000  -0.90014  -0.19080   0.59138   0.00070   0.04480   0.04200;
 -0.90000  -0.10000   0.60000  -0.90013  -0.08923   0.59207   0.00080   0.06484   0.04775;
 -0.90000   0.00000   0.60000  -0.90000  -0.00000   0.60000   0.00002   0.00001   0.00004;
 -0.90000   0.10000   0.60000  -0.90000   0.10000   0.60000   0.00001   0.00001   0.00004;
 -0.90000   0.20000   0.60000  -0.90000   0.20000   0.60000   0.00001   0.00001   0.00004;
 -0.90000   0.30000   0.60000  -0.90000   0.30000   0.60000   0.00001   0.00001   0.00004;
 -0.90000   0.40000   0.60000  -0.90008   0.41245   0.59558   0.00058   0.09744   0.03463;
 -0.90000   0.50000   0.60000  -0.90012   0.52147   0.59308   0.00056   0.10451   0.03367;
 -0.90000   0.60000   0.60000  -0.89997   0.59277   0.60213   0.00056   0.11526   0.03394;
 -0.90000   0.70000   0.60000  -0.90009   0.71920   0.59479   0.00050   0.11110   0.03014;
 -0.90000   0.80000   0.60000  -0.90012   0.82798   0.59296   0.00052   0.12471   0.03134;
 -0.90000   0.90000   0.60000  -0.90612   0.90405   0.59974   0.06547   0.07748   0.06439;
 -0.90000   1.00000   0.60000  -0.90471   1.00073   0.61498   0.05866   0.06527   0.07037;
 -0.80000  -1.00000   0.60000  -0.79632  -1.00243   0.59197   0.06839   0.06815   0.05907;
 -0.80000  -0.90000   0.60000  -0.79322  -0.90355   0.60157   0.06446   0.06946   0.06658;
 -0.80000  -0.80000   0.60000  -0.80250  -0.80979   0.60069   0.06316   0.06241   0.05938;
 -0.80000  -0.70000   0.60000  -0.79448  -0.69020   0.58300   0.06293   0.06919   0.06403;
 -0.80000  -0.60000   0.60000  -0.79613  -0.59638   0.60748   0.06554   0.06517   0.06655;
 -0.80000  -0.50000   0.60000  -0.80000  -0.50000   0.60001   0.00003   0.00005   0.00010;
 -0.80000  -0.40000   0.60000  -0.80000  -0.40000   0.60001   0.00003   0.00007   0.00009;
 -0.80000  -0.30000   0.60000  -0.80000  -0.30000   0.60000   0.00001   0.00001   0.00003;
 -0.80000  -0.20000   0.60000  -0.80000  -0.20000   0.60000   0.00001   0.00001   0.00003;
 -0.80000  -0.10000   0.60000  -0.80000  -0.10000   0.60000   0.00001   0.00001   0.00003;
 -0.80000   0.00000   0.60000  -0.80000  -0.00000   0.60000   0.00001   0.00001   0.00002;
 -0.80000   0.10000   0.60000  -0.80000   0.10000   0.60000   0.00001   0.00001   0.00002;
 -0.80000   0.20000   0.60000  -0.80000   0.20000   0.60000   0.00001   0.00001   0.00002;
 -0.80000   0.30000   0.60000  -0.80000   0.30000   0.60000   0.00001   0.00001   0.00002;
 -0.80000   0.40000   0.60000  -0.80000   0.40002   0.59999   0.00003   0.00023   0.00008;
 -0.80000   0.50000   0.60000  -0.80000   0.50002   0.59999   0.00003   0.00027   0.00008;
 -0.80000   0.60000   0.60000  -0.80000   0.60003   0.59999   0.00003   0.00031   0.00009;
 -0.80000   0.70000   0.60000  -0.80148   0.68012   0.60539   0.00910   0.12221   0.03315;
 -0.80000   0.80000   0.60000  -0.80260   0.79971   0.60949   0.06840   0.07027   0.06375;
 -0.80000   0.90000   0.60000  -0.79684   0.89436   0.60494   0.06942   0.05914   0.06472;
 -0.80000   1.00000   0.60000  -0.79973   1.00638   0.59191   0.07299   0.06582   0.06839;
 -0.70000  -1.00000   0.60000  -0.69330  -1.01006   0.60438   0.06577   0.06164   0.06885;
 -0.70000  -0.90000   0.60000  -0.70076  -0.90440   0.60101   0.07153   0.06847   0.06629;
 -0.70000  -0.80000   0.60000  -0.70456  -0.81103   0.60123   0.06529   0.06448   0.05755;
 -0.70000  -0.70000   0.60000  -0.69480  -0.68869   0.60070   0.06457   0.06869   0.07525;
 -0.70000  -0.60000   0.60000  -0.70000  -0.60000   0.60001   0.00004   0.00003   0.00010;
 -0.70000  -0.50000   0.60000  -0.70000  -0.50000   0.60001   0.00004   0.00005   0.00009;
 -0.70000  -0.40000   0.60000  -0.70000  -0.40000   0.60001   0.00004   0.00007   0.00009;
 -0.70000  -0.30000   0.60000  -0.70000  -0.30000   0.60000   0.00001   0.00001   0.00003;
 -0.70000  -0.20000   0.60000  -0.70000  -0.20000   0.60000   0.00001   0.00001   0.00003;
 -0.70000  -0.10000   0.60000  -0.70000  -0.10000   0.60000   0.00001   0.00001   0.00003;
 -0.70000   0.00000   0.60000  -0.70000  -0.00000   0.60000   0.00001   0.00001   0.00002;
 -0.70000   0.10000   0.60000  -0.70000   0.10000   0.60000   0.00001   0.00001   0.00002;
 -0.70000   0.20000   0.60000  -0.70000   0.20000   0.60000   0.00001   0.00001   0.00002;
 -0.70000   0.30000   0.60000  -0.70000   0.30000   0.60000   0.00001   0.00001   0.00002;
 -0.70000   0.40000   0.60000  -0.70000   0.40002   0.59999   0.00004   0.00022   0.00007;
 -0.70000   0.50000   0.60000  -0.70000   0.50000   0.60000   0.00001   0.00002   0.00001;
 -0.70000   0.60000   0.60000  -0.70000   0.60000   0.60000   0.00001   0.00002   0.00002;
 -0.70000   0.70000   0.60000  -0.71354   0.69650   0.60685   0.06884   0.06062   0.06565;
 -0.70000   0.80000   0.60000  -0.69444   0.79716   0.58732   0.07012   0.06464   0.06547;
 -0.70000   0.90000   0.60000  -0.70153   0.90150   0.58859   0.06635   0.06376   0.06433;
 -0.70000   1.00000   0.60000  -0.69509   1.00573   0.59486   0.07072   0.06556   0.06332;
 -0.60000  -1.00000   0.60000  -0.59590  -0.99883   0.60438   0.06994   0.06897   0.07172;
 -0.60000  -0.90000   0.60000  -0.59682  -0.89946   0.59819   0.06880   0.07212   0.06040;
 -0.60000  -0.80000   0.60000  -0.59002  -0.80930   0.59902   0.07005   0.06151   0.05780;
