f = [
 -1.00000  -1.00000   0.50000  -1.00201  -0.99889   0.49471   0.06299   0.06914   0.07344;
 -1.00000  -0.90000   0.50000  -0.99475  -0.89572   0.50309   0.07042   0.06185   0.07559;
 -1.00000  -0.80000   0.50000  -0.99481  -0.80013   0.48573   0.06326   0.06572   0.06889;
 -1.00000  -0.70000   0.50000  -0.99658  -0.69781   0.49909   0.07005   0.06327   0.07081;
 -1.00000  -0.60000   0.50000  -1.00089  -0.59776   0.49331   0.06610   0.06252   0.06339;
 -1.00000  -0.50000   0.50000  -0.99229  -0.49474   0.49628   0.06598   0.06792   0.06403;
 -1.00000  -0.40000   0.50000  -0.99743  -0.40851   0.49670   0.06084   0.06451   0.07193;
 -1.00000  -0.30000   0.50000  -1.00143  -0.29640   0.49401   0.01543   0.03888   0.06472;
 -1.00000  -0.20000   0.50000  -1.00141  -0.19512   0.49410   0.01405   0.04868   0.05891;
 -1.00000  -0.10000   0.50000  -1.00093  -0.09589   0.49610   0.01150   0.05072   0.04821;
 -1.00000   0.00000   0.50000  -1.00225   0.01205   0.49057   0.01143   0.06121   0.04793;
 -1.00000   0.10000   0.50000  -1.00185   0.11167   0.49223   0.00803   0.05066   0.03372;
 -1.00000   0.20000   0.50000  -1.00085   0.20616   0.49644   0.01016   0.07364   0.04261;
 -1.00000   0.30000   0.50000  -1.00121   0.30991   0.49493   0.00811   0.06639   0.03399;
 -1.00000   0.40000   0.50000  -1.00020   0.40177   0.49919   0.01012   0.09258   0.04249;
 -1.00000   0.50000   0.50000  -0.99991   0.49906   0.50039   0.00912   0.09201   0.03826;
 -1.00000   0.60000   0.50000  -0.99978   0.59758   0.50092   0.00940   0.10372   0.03944;
 -1.00000   0.70000   0.50000  -0.99958   0.69493   0.50177   0.00873   0.10448   0.03659;
 -1.00000   0.80000   0.50000  -1.00050   0.80641   0.49792   0.00891   0.11519   0.03739;
 -1.00000   0.90000   0.50000  -0.99995   0.89927   0.50022   0.00965   0.13393   0.04050;
 -1.00000   1.00000   0.50000  -1.00214   1.03158   0.49106   0.00741   0.10980   0.03109;
 -0.90000  -1.00000   0.50000  -0.90515  -0.99373   0.50083   0.07347   0.07016   0.06081;
 -0.90000  -0.90000   0.50000  -0.90287  -0.89908   0.49519   0.06755   0.07152   0.06520;
 -0.90000  -0.80000   0.50000  -0.90981  -0.80295   0.50587   0.06216   0.06475   0.06206;
 -0.90000  -0.70000   0.50000  -0.89963  -0.71573   0.50542   0.06324   0.07215   0.06863;
 -0.90000  -0.60000   0.50000  -0.89607  -0.59581   0.50738   0.06384   0.06338   0.06896;
 -0.90000  -0.50000   0.50000  -0.90244  -0.49559   0.50158   0.06365   0.06973   0.06669;
 -0.90000  -0.40000   0.50000  -0.90000  -0.40000   0.50001   0.00003   0.00007   0.00012;
 -0.90000  -0.30000   0.50000  -0.90000  -0.30000   0.50000   0.00003   0.00009   0.00012;
 -0.90000  -0.20000   0.50000  -0.90000  -0.20000   0.50000   0.00003   0.00011   0.00011;
 -0.90000  -0.10000   0.50000  -0.90000  -0.10000   0.50000   0.00003   0.00013   0.00011;
 -0.90000   0.00000   0.50000  -0.90000  -0.00000   0.50000   0.00001   0.00001   0.00002;
 -0.90000   0.10000   0.50000  -0.90000   0.10000   0.50000   0.00001   0.00001   0.00002;
 -0.90000   0.20000   0.50000  -0.90000   0.20000   0.50000   0.00001   0.00001   0.00002;
 -0.90000   0.30000   0.50000  -0.90000   0.30000   0.50000   0.00001   0.00001   0.00002;
 -0.90000   0.40000   0.50000  -0.90006   0.40985   0.49548   0.00046   0.07794   0.03576;
 -0.90000   0.50000   0.50000  -0.90009   0.51686   0.49299   0.00045   0.08262   0.03436;
 -0.90000   0.60000   0.50000  -0.89997   0.59336   0.50253   0.00045   0.09164   0.03484;
 -0.90000   0.70000   0.50000  -0.90007   0.71369   0.49521   0.00039   0.08709   0.03051;
 -0.90000   0.80000   0.50000  -0.90010   0.82283   0.49259   0.00042   0.09962   0.03232;
 -0.90000   0.90000   0.50000  -0.90003   0.90763   0.49769   0.00046   0.11810   0.03572;
 -0.90000   1.00000   0.50000  -0.89991   0.97326   0.50757   0.00054   0.14584   0.04130;
 -0.80000  -1.00000   0.50000  -0.79632  -1.00243   0.49197   0.06839   0.06815   0.05907;
 -0.80000  -0.90000   0.50000  -0.79322  -0.90355   0.50157   0.06446   0.06946   0.06658;
 -0.80000  -0.80000   0.50000  -0.80250  -0.80979   0.50069   0.06316   0.06241   0.05938;
 -0.80000  -0.70000   0.50000  -0.79448  -0.69020   0.48300   0.06293   0.06919   0.06403;
 -0.80000  -0.60000   0.50000  -0.79613  -0.59638   0.50748   0.06554   0.06517   0.06655;
 -0.80000  -0.50000   0.50000  -0.80000  -0.50000   0.50001   0.00002   0.00005   0.00012;
 -0.80000  -0.40000   0.50000  -0.80000  -0.40000   0.50001   0.00002   0.00007   0.00011;
 -0.80000  -0.30000   0.50000  -0.80000  -0.30000   0.50000   0.00001   0.00001   0.00003;
 -0.80000  -0.20000   0.50000  -0.80000  -0.20000   0.50000   0.00001   0.00001   0.00003;
 -0.80000  -0.10000   0.50000  -0.80000  -0.10000   0.50000   0.00001   0.00001   0.00003;
 -0.80000   0.00000   0.50000  -0.80000  -0.00000   0.50000   0.00001   0.00001   0.00002;
 -0.80000   0.10000   0.50000  -0.80000   0.10000   0.50000   0.00001   0.00001   0.00002;
 -0.80000   0.20000   0.50000  -0.80000   0.20000   0.50000   0.00001   0.00001   0.00002;
 -0.80000   0.30000   0.50000  -0.80000   0.30000   0.50000   0.00001   0.00001   0.00002;
 -0.80000   0.40000   0.50000  -0.80000   0.40002   0.49999   0.00003   0.00022   0.00009;
 -0.80000   0.50000   0.50000  -0.80000   0.50002   0.49999   0.00003   0.00025   0.00010;
 -0.80000   0.60000   0.50000  -0.80000   0.60003   0.49999   0.00003   0.00029   0.00010;
 -0.80000   0.70000   0.50000  -0.80000   0.70004   0.49999   0.00003   0.00033   0.00011;
 -0.80000   0.80000   0.50000  -0.80000   0.80004   0.49999   0.00003   0.00038   0.00012;
 -0.80000   0.90000   0.50000  -0.80000   0.90005   0.49998   0.00003   0.00044   0.00013;
 -0.80000   1.00000   0.50000  -0.80000   1.00006   0.49998   0.00003   0.00051   0.00014;
 -0.70000  -1.00000   0.50000  -0.69330  -1.01006   0.50438   0.06577   0.06164   0.06885;
 -0.70000  -0.90000   0.50000  -0.70076  -0.90440   0.50101   0.07153   0.06847   0.06629;
 -0.70000  -0.80000   0.50000  -0.70456  -0.81103   0.50123   0.06529   0.06448   0.05755;
 -0.70000  -0.70000   0.50000  -0.69480  -0.68869   0.50070   0.06457   0.06869   0.07525;
 -0.70000  -0.60000   0.50000  -0.68859  -0.60196   0.47395   0.03333   0.00573   0.07610;
 -0.70000  -0.50000   0.50000  -0.70000  -0.50000   0.50001   0.00004   0.00005   0.00011;
 -0.70000  -0.40000   0.50000  -0.70000  -0.40000   0.50001   0.00004   0.00007   0.00011;
 -0.70000  -0.30000   0.50000  -0.70000  -0.30000   0.50000   0.00001   0.00001   0.00003;
 -0.70000  -0.20000   0.50000  -0.70000  -0.20000   0.50000   0.00001   0.00001   0.00003;
 -0.70000  -0.10000   0.50000  -0.70000  -0.10000   0.50000   0.00001   0.00001   0.00002;
 -0.70000   0.00000   0.50000  -0.70000  -0.00000   0.50000   0.00001   0.00001   0.00002;
 -0.70000   0.10000   0.50000  -0.70000   0.10000   0.50000   0.00001   0.00001   0.00002;
 -0.70000   0.20000   0.50000  -0.70000   0.20000   0.50000   0.00001   0.00001   0.00002;
 -0.70000   0.30000   0.50000  -0.70000   0.30000   0.50000   0.00000   0.00000   0.00001;
 -0.70000   0.40000   0.50000  -0.70000   0.40000   0.50000   0.00001   0.00001   0.00001;
 -0.70000   0.50000   0.50000  -0.70000   0.50000   0.50000   0.00001   0.00002   0.00002;
 -0.70000   0.60000   0.50000  -0.70000   0.60003   0.49999   0.00004   0.00027   0.00010;
 -0.70000   0.70000   0.50000  -0.70000   0.70003   0.49999   0.00004   0.00031   0.00010;
 -0.70000   0.80000   0.50000  -0.70000   0.80004   0.49999   0.00004   0.00036   0.00011;
 -0.70000   0.90000   0.50000  -0.70000   0.90005   0.49998   0.00004   0.00041   0.00012;
 -0.70000   1.00000   0.50000  -0.70000   1.00006   0.49998   0.00005   0.00048   0.00013;
 -0.60000  -1.00000   0.50000  -0.59590  -0.99883   0.50438   0.06994   0.06897   0.07172;
 -0.60000  -0.90000   0.50000  -0.59682  -0.89946   0.49819   0.06880   0.07212   0.06040;
 -0.60000  -0.80000   0.50000  -0.59002  -0.80930   0.49902   0.07005   0.06151   0.05780;
