f = [
 -1.00000  -1.00000   0.30000  -1.00201  -0.99889   0.29471   0.06299   0.06914   0.07344;
 -1.00000  -0.90000   0.30000  -0.99475  -0.89572   0.30309   0.07042   0.06185   0.07559;
 -1.00000  -0.80000   0.30000  -0.99481  -0.80013   0.28573   0.06326   0.06572   0.06889;
 -1.00000  -0.70000   0.30000  -0.99658  -0.69781   0.29909   0.07005   0.06327   0.07081;
 -1.00000  -0.60000   0.30000  -1.00089  -0.59776   0.29331   0.06610   0.06252   0.06339;
 -1.00000  -0.50000   0.30000  -0.99229  -0.49474   0.29628   0.06598   0.06792   0.06403;
 -1.00000  -0.40000   0.30000  -0.99743  -0.40851   0.29670   0.06084   0.06451   0.07193;
 -1.00000  -0.30000   0.30000  -1.00126  -0.29684   0.29237   0.01430   0.03605   0.08704;
 -1.00000  -0.20000   0.30000  -1.00000  -0.20000   0.30000   0.00005   0.00012   0.00016;
 -1.00000  -0.10000   0.30000  -1.00000  -0.10000   0.30000   0.00005   0.00014   0.00016;
 -1.00000   0.00000   0.30000  -1.00000   0.00001   0.29999   0.00005   0.00015   0.00015;
 -1.00000   0.10000   0.30000  -1.00000   0.10001   0.29999   0.00005   0.00017   0.00015;
 -1.00000   0.20000   0.30000  -1.00000   0.20001   0.29999   0.00005   0.00019   0.00014;
 -1.00000   0.30000   0.30000  -1.00000   0.30002   0.29999   0.00005   0.00021   0.00014;
 -1.00000   0.40000   0.30000  -1.00001   0.40002   0.29998   0.00005   0.00024   0.00014;
 -1.00000   0.50000   0.30000  -1.00001   0.50003   0.29998   0.00005   0.00027   0.00015;
 -1.00000   0.60000   0.30000  -0.99980   0.59779   0.30122   0.00684   0.07553   0.04167;
 -1.00000   0.70000   0.30000  -0.99958   0.69495   0.30257   0.00603   0.07222   0.03670;
 -1.00000   0.80000   0.30000  -1.00024   0.80301   0.29858   0.00626   0.08090   0.03810;
 -1.00000   0.90000   0.30000  -1.00004   0.90048   0.29979   0.00664   0.09214   0.04043;
 -1.00000   1.00000   0.30000  -1.00139   1.02054   0.29156   0.00528   0.07820   0.03212;
 -0.90000  -1.00000   0.30000  -0.90515  -0.99373   0.30083   0.07347   0.07016   0.06081;
 -0.90000  -0.90000   0.30000  -0.90287  -0.89908   0.29519   0.06755   0.07152   0.06520;
 -0.90000  -0.80000   0.30000  -0.90981  -0.80295   0.30587   0.06216   0.06475   0.06206;
 -0.90000  -0.70000   0.30000  -0.89963  -0.71573   0.30542   0.06324   0.07215   0.06863;
 -0.90000  -0.60000   0.30000  -0.89607  -0.59581   0.30738   0.06384   0.06338   0.06896;
 -0.90000  -0.50000   0.30000  -0.90244  -0.49559   0.30158   0.06365   0.06973   0.06669;
 -0.90000  -0.40000   0.30000  -0.90000  -0.40000   0.30000   0.00002   0.00002   0.00007;
 -0.90000  -0.30000   0.30000  -0.90000  -0.30000   0.30000   0.00001   0.00001   0.00004;
 -0.90000  -0.20000   0.30000  -0.90000  -0.20000   0.30000   0.00001   0.00001   0.00004;
 -0.90000  -0.10000   0.30000  -0.90000  -0.10000   0.30000   0.00001   0.00001   0.00004;
 -0.90000   0.00000   0.30000  -0.90000   0.00000   0.30000   0.00001   0.00001   0.00004;
 -0.90000   0.10000   0.30000  -0.90000   0.10000   0.30000   0.00001   0.00001   0.00004;
 -0.90000   0.20000   0.30000  -0.90000   0.20000   0.30000   0.00001   0.00001   0.00004;
 -0.90000   0.30000   0.30000  -0.90000   0.30000   0.30000   0.00001   0.00001   0.00004;
 -0.90000   0.40000   0.30000  -0.90000   0.40000   0.30000   0.00001   0.00002   0.00004;
 -0.90000   0.50000   0.30000  -0.90000   0.50003   0.29998   0.00003   0.00025   0.00014;
 -0.90000   0.60000   0.30000  -0.90000   0.60003   0.29998   0.00003   0.00028   0.00014;
 -0.90000   0.70000   0.30000  -0.90000   0.70004   0.29998   0.00003   0.00032   0.00015;
 -0.90000   0.80000   0.30000  -0.90000   0.80005   0.29998   0.00004   0.00037   0.00016;
 -0.90000   0.90000   0.30000  -0.90000   0.90006   0.29997   0.00004   0.00042   0.00017;
 -0.90000   1.00000   0.30000  -0.90000   1.00007   0.29997   0.00004   0.00049   0.00019;
 -0.80000  -1.00000   0.30000  -0.79632  -1.00243   0.29197   0.06839   0.06815   0.05907;
 -0.80000  -0.90000   0.30000  -0.79322  -0.90355   0.30157   0.06446   0.06946   0.06658;
 -0.80000  -0.80000   0.30000  -0.80250  -0.80979   0.30069   0.06316   0.06241   0.05938;
 -0.80000  -0.70000   0.30000  -0.79448  -0.69020   0.28300   0.06293   0.06919   0.06403;
 -0.80000  -0.60000   0.30000  -0.79613  -0.59638   0.30748   0.06554   0.06517   0.06655;
 -0.80000  -0.50000   0.30000  -0.80563  -0.49578   0.29373   0.06462   0.06160   0.05592;
 -0.80000  -0.40000   0.30000  -0.80000  -0.40000   0.30000   0.00001   0.00001   0.00004;
 -0.80000  -0.30000   0.30000  -0.80000  -0.30000   0.30000   0.00001   0.00001   0.00004;
 -0.80000  -0.20000   0.30000  -0.80000  -0.20000   0.30000   0.00001   0.00001   0.00004;
 -0.80000  -0.10000   0.30000  -0.80000  -0.10000   0.30000   0.00001   0.00001   0.00002;
 -0.80000   0.00000   0.30000  -0.80000  -0.00000   0.30000   0.00001   0.00000   0.00002;
 -0.80000   0.10000   0.30000  -0.80000   0.10000   0.30000   0.00001   0.00000   0.00002;
 -0.80000   0.20000   0.30000  -0.80000   0.20000   0.30000   0.00001   0.00001   0.00002;
 -0.80000   0.30000   0.30000  -0.80000   0.30000   0.30000   0.00001   0.00001   0.00002;
 -0.80000   0.40000   0.30000  -0.80000   0.40000   0.30000   0.00001   0.00001   0.00002;
 -0.80000   0.50000   0.30000  -0.80000   0.50002   0.29999   0.00002   0.00023   0.00013;
 -0.80000   0.60000   0.30000  -0.80000   0.60003   0.29998   0.00003   0.00026   0.00013;
 -0.80000   0.70000   0.30000  -0.80000   0.70004   0.29998   0.00003   0.00030   0.00014;
 -0.80000   0.80000   0.30000  -0.80000   0.80004   0.29998   0.00003   0.00034   0.00015;
 -0.80000   0.90000   0.30000  -0.80000   0.90005   0.29998   0.00003   0.00040   0.00016;
 -0.80000   1.00000   0.30000  -0.80000   1.00006   0.29997   0.00003   0.00046   0.00018;
 -0.70000  -1.00000   0.30000  -0.69330  -1.01006   0.30438   0.06577   0.06164   0.06885;
 -0.70000  -0.90000   0.30000  -0.70076  -0.90440   0.30101   0.07153   0.06847   0.06629;
 -0.70000  -0.80000   0.30000  -0.70456  -0.81103   0.30123   0.06529   0.06448   0.05755;
 -0.70000  -0.70000   0.30000  -0.69480  -0.68869   0.30070   0.06457   0.06869   0.07525;
 -0.70000  -0.60000   0.30000  -0.70394  -0.59908   0.29968   0.06002   0.06940   0.07042;
 -0.70000  -0.50000   0.30000  -0.70000  -0.50000   0.30001   0.00003   0.00004   0.00016;
 -0.70000  -0.40000   0.30000  -0.70000  -0.40000   0.30000   0.00001   0.00001   0.00004;
 -0.70000  -0.30000   0.30000  -0.70000  -0.30000   0.30000   0.00001   0.00001   0.00004;
 -0.70000  -0.20000   0.30000  -0.70000  -0.20000   0.30000   0.00001   0.00001   0.00004;
 -0.70000  -0.10000   0.30000  -0.70000  -0.10000   0.30000   0.00001   0.00001   0.00002;
 -0.70000   0.00000   0.30000  -0.70000  -0.00000   0.30000   0.00001   0.00000   0.00002;
 -0.70000   0.10000   0.30000  -0.70000   0.10000   0.30000   0.00000   0.00001   0.00001;
 -0.70000   0.20000   0.30000  -0.70000   0.20000   0.30000   0.00000   0.00000   0.00001;
 -0.70000   0.30000   0.30000  -0.70000   0.30000   0.30000   0.00000   0.00000   0.00001;
 -0.70000   0.40000   0.30000  -0.70000   0.40000   0.30000   0.00001   0.00001   0.00002;
 -0.70000   0.50000   0.30000  -0.70000   0.50002   0.29999   0.00003   0.00022   0.00012;
 -0.70000   0.60000   0.30000  -0.70000   0.60003   0.29999   0.00003   0.00025   0.00013;
 -0.70000   0.70000   0.30000  -0.70000   0.70003   0.29998   0.00004   0.00028   0.00013;
 -0.70000   0.80000   0.30000  -0.70000   0.80004   0.29998   0.00004   0.00033   0.00014;
 -0.70000   0.90000   0.30000  -0.70000   0.90005   0.29998   0.00004   0.00037   0.00015;
 -0.70000   1.00000   0.30000  -0.70000   1.00006   0.29998   0.00004   0.00043   0.00017;
 -0.60000  -1.00000   0.30000  -0.59590  -0.99883   0.30438   0.06994   0.06897   0.07172;
 -0.60000  -0.90000   0.30000  -0.59682  -0.89946   0.29819   0.06880   0.07212   0.06040;
 -0.60000  -0.80000   0.30000  -0.59002  -0.80930   0.29902   0.07005   0.06151   0.05780;
