f = [
 -1.00000  -1.00000   0.90000  -1.00201  -0.99889   0.89471   0.06299   0.06914   0.07344;
 -1.00000  -0.90000   0.90000  -0.99475  -0.89572   0.90309   0.07042   0.06185   0.07559;
 -1.00000  -0.80000   0.90000  -0.99481  -0.80013   0.88573   0.06326   0.06572   0.06889;
 -1.00000  -0.70000   0.90000  -0.99658  -0.69781   0.89909   0.07005   0.06327   0.07081;
 -1.00000  -0.60000   0.90000  -1.00089  -0.59776   0.89331   0.06610   0.06252   0.06339;
 -1.00000  -0.50000   0.90000  -0.99229  -0.49474   0.89628   0.06598   0.06792   0.06403;
 -1.00000  -0.40000   0.90000  -0.99743  -0.40851   0.89670   0.06084   0.06451   0.07193;
 -1.00000  -0.30000   0.90000  -1.00202  -0.30345   0.90339   0.06019   0.06407   0.06187;
 -1.00000  -0.20000   0.90000  -0.99533  -0.19331   0.90994   0.06940   0.06491   0.06981;
 -1.00000  -0.10000   0.90000  -0.99489  -0.09895   0.90522   0.06934   0.06673   0.06608;
 -1.00000   0.00000   0.90000  -0.99960  -0.00010   0.89909   0.04321   0.01104   0.09969;
 -1.00000   0.10000   0.90000  -0.99718   0.10036   0.89351   0.04402   0.00557   0.10154;
 -1.00000   0.20000   0.90000  -1.00192   0.19902   0.90444   0.03592   0.01827   0.08286;
 -1.00000   0.30000   0.90000  -1.00487   0.30729   0.90097   0.06227   0.06075   0.06232;
 -1.00000   0.40000   0.90000  -0.99105   0.39233   0.90058   0.06974   0.06891   0.06934;
 -1.00000   0.50000   0.90000  -0.99992   0.49083   0.90830   0.07722   0.06274   0.06336;
 -1.00000   0.60000   0.90000  -0.99387   0.59473   0.90503   0.07097   0.07162   0.06569;
 -1.00000   0.70000   0.90000  -1.01110   0.69280   0.90926   0.06792   0.06051   0.06698;
 -1.00000   0.80000   0.90000  -0.99208   0.79082   0.89645   0.06924   0.06664   0.06731;
 -1.00000   0.90000   0.90000  -1.00260   0.90580   0.90801   0.07460   0.06704   0.06946;
 -1.00000   1.00000   0.90000  -1.00112   0.99591   0.88578   0.06254   0.06301   0.05903;
 -0.90000  -1.00000   0.90000  -0.90515  -0.99373   0.90083   0.07347   0.07016   0.06081;
 -0.90000  -0.90000   0.90000  -0.90287  -0.89908   0.89519   0.06755   0.07152   0.06520;
 -0.90000  -0.80000   0.90000  -0.90981  -0.80295   0.90587   0.06216   0.06475   0.06206;
 -0.90000  -0.70000   0.90000  -0.89963  -0.71573   0.90542   0.06324   0.07215   0.06863;
 -0.90000  -0.60000   0.90000  -0.89607  -0.59581   0.90738   0.06384   0.06338   0.06896;
 -0.90000  -0.50000   0.90000  -0.91807  -0.29057   0.76286   0.14296   1.65710   1.08524;
 -0.90000  -0.40000   0.90000  -0.90294  -0.31470   0.87768   0.00779   0.22572   0.05907;
 -0.90000  -0.30000   0.90000  -0.90561  -0.30068   0.89235   0.06495   0.07664   0.06652;
 -0.90000  -0.20000   0.90000  -0.90256  -0.20022   0.90010   0.06785   0.05721   0.06214;
 -0.90000  -0.10000   0.90000  -0.90329  -0.09427   0.90023   0.07001   0.07618   0.06558;
 -0.90000   0.00000   0.90000  -0.89231  -0.00142   0.88716   0.03724   0.00688   0.06216;
 -0.90000   0.10000   0.90000  -0.89584   0.10038   0.89305   0.03797   0.00348   0.06338;
 -0.90000   0.20000   0.90000  -0.89457   0.20200   0.89093   0.03666   0.01349   0.06118;
 -0.90000   0.30000   0.90000  -0.88932   0.30003   0.89144   0.06899   0.06842   0.07909;
 -0.90000   0.40000   0.90000  -0.91485   0.40047   0.89721   0.06618   0.07098   0.06240;
 -0.90000   0.50000   0.90000  -0.89700   0.50646   0.89609   0.07120   0.05638   0.06418;
 -0.90000   0.60000   0.90000  -0.89871   0.59153   0.90559   0.06218   0.06724   0.06203;
 -0.90000   0.70000   0.90000  -0.89783   0.69122   0.89281   0.07088   0.06804   0.06010;
 -0.90000   0.80000   0.90000  -0.90218   0.81129   0.89405   0.06634   0.06887   0.05744;
 -0.90000   0.90000   0.90000  -0.90612   0.90405   0.89974   0.06547   0.07748   0.06439;
 -0.90000   1.00000   0.90000  -0.90815   1.01624   0.91001   0.02774   0.05530   0.03408;
 -0.80000  -1.00000   0.90000  -0.79632  -1.00243   0.89197   0.06839   0.06815   0.05907;
 -0.80000  -0.90000   0.90000  -0.79322  -0.90355   0.90157   0.06446   0.06946   0.06658;
 -0.80000  -0.80000   0.90000  -0.80250  -0.80979   0.90069   0.06316   0.06241   0.05938;
 -0.80000  -0.70000   0.90000  -0.79448  -0.69020   0.88300   0.06293   0.06919   0.06403;
 -0.80000  -0.60000   0.90000  -0.79613  -0.59638   0.90748   0.06554   0.06517   0.06655;
 -0.80000  -0.50000   0.90000  -0.77718  -0.48389   0.88945   0.06837   0.04828   0.03161;
 -0.80000  -0.40000   0.90000  -0.80190  -0.40240   0.90008   0.06499   0.06414   0.05858;
 -0.80000  -0.30000   0.90000  -0.80349  -0.30102   0.89188   0.06709   0.07176   0.07017;
 -0.80000  -0.20000   0.90000  -0.79734  -0.20607   0.90433   0.06174   0.06415   0.06736;
 -0.80000  -0.10000   0.90000  -0.78627  -0.10657   0.91177   0.06839   0.06477   0.06520;
 -0.80000   0.00000   0.90000  -0.79435  -0.00082   0.89261   0.03776   0.00547   0.04938;
 -0.80000   0.10000   0.90000  -0.79238   0.10055   0.89003   0.04291   0.00308   0.05611;
 -0.80000   0.20000   0.90000  -0.79594   0.20117   0.89469   0.04176   0.01204   0.05461;
 -0.80000   0.30000   0.90000  -0.80112   0.30688   0.89736   0.06420   0.06614   0.06180;
 -0.80000   0.40000   0.90000  -0.78694   0.39800   0.90103   0.05765   0.06671   0.07410;
 -0.80000   0.50000   0.90000  -0.79793   0.50122   0.90344   0.05906   0.07093   0.05941;
 -0.80000   0.60000   0.90000  -0.79895   0.60477   0.88663   0.06733   0.06435   0.06856;
 -0.80000   0.70000   0.90000  -0.80583   0.69969   0.91230   0.06443   0.07312   0.07215;
 -0.80000   0.80000   0.90000  -0.80260   0.79971   0.90949   0.06840   0.07027   0.06375;
 -0.80000   0.90000   0.90000  -0.79684   0.89436   0.90494   0.06942   0.05914   0.06472;
 -0.80000   1.00000   0.90000  -0.79973   1.00638   0.89191   0.07299   0.06582   0.06839;
 -0.70000  -1.00000   0.90000  -0.69330  -1.01006   0.90438   0.06577   0.06164   0.06885;
 -0.70000  -0.90000   0.90000  -0.70076  -0.90440   0.90101   0.07153   0.06847   0.06629;
 -0.70000  -0.80000   0.90000  -0.70456  -0.81103   0.90123   0.06529   0.06448   0.05755;
 -0.70000  -0.70000   0.90000  -0.86343  -0.76107   1.13770   1.86554   0.69712   2.71328;
 -0.70000  -0.60000   0.90000  -0.69550  -0.58428   0.89239   0.03991   0.12227   0.05586;
 -0.70000  -0.50000   0.90000  -0.69100  -0.50461   0.89928   0.07430   0.07486   0.06211;
 -0.70000  -0.40000   0.90000  -0.69348  -0.40865   0.89533   0.06307   0.06043   0.06380;
 -0.70000  -0.30000   0.90000  -0.69885  -0.29915   0.89777   0.06553   0.06869   0.06581;
 -0.70000  -0.20000   0.90000  -0.70217  -0.21023   0.86696   0.00675   0.03183   0.10277;
 -0.70000  -0.10000   0.90000  -0.88441  -0.51207  -1.90813   1.79572   4.01250  27.34394;
 -0.70000   0.00000   0.90000  -0.70322   0.00079   0.85101   0.11570   0.02864   1.76226;
 -0.70000   0.10000   0.90000  -0.70333   0.10909   0.84929   0.01497   0.04088   0.22804;
 -0.70000   0.20000   0.90000  -0.70047   0.20244   0.89286   0.00613   0.03195   0.09335;
 -0.70000   0.30000   0.90000  -0.69003   0.28675   0.90597   0.06307   0.06310   0.07069;
 -0.70000   0.40000   0.90000  -0.70239   0.40150   0.90632   0.07021   0.06818   0.06573;
 -0.70000   0.50000   0.90000  -0.68796   0.49680   0.91102   0.06821   0.06796   0.06713;
 -0.70000   0.60000   0.90000  -0.71335   0.60554   0.89462   0.06481   0.07312   0.07682;
 -0.70000   0.70000   0.90000  -0.71354   0.69650   0.90685   0.06884   0.06062   0.06565;
 -0.70000   0.80000   0.90000  -0.69444   0.79716   0.88732   0.07012   0.06464   0.06547;
 -0.70000   0.90000   0.90000  -0.70153   0.90150   0.88859   0.06635   0.06376   0.06433;
 -0.70000   1.00000   0.90000  -0.69509   1.00573   0.89486   0.07072   0.06556   0.06332;
 -0.60000  -1.00000   0.90000  -0.59590  -0.99883   0.90438   0.06994   0.06897   0.07172;
 -0.60000  -0.90000   0.90000  -0.59682  -0.89946   0.89819   0.06880   0.07212   0.06040;
 -0.60000  -0.80000   0.90000  -0.59002  -0.80930   0.89902   0.07005   0.06151   0.05780;
