f = [
 -1.00000  -1.00000   0.80000  -1.00201  -0.99889   0.79471   0.06299   0.06914   0.07344;
 -1.00000  -0.90000   0.80000  -0.99475  -0.89572   0.80309   0.07042   0.06185   0.07559;
 -1.00000  -0.80000   0.80000  -0.99481  -0.80013   0.78573   0.06326   0.06572   0.06889;
 -1.00000  -0.70000   0.80000  -0.99658  -0.69781   0.79909   0.07005   0.06327   0.07081;
 -1.00000  -0.60000   0.80000  -1.00089  -0.59776   0.79331   0.06610   0.06252   0.06339;
 -1.00000  -0.50000   0.80000  -0.99229  -0.49474   0.79628   0.06598   0.06792   0.06403;
 -1.00000  -0.40000   0.80000  -0.99743  -0.40851   0.79670   0.06084   0.06451   0.07193;
 -1.00000  -0.30000   0.80000  -1.00202  -0.30345   0.80339   0.06019   0.06407   0.06187;
 -1.00000  -0.20000   0.80000  -0.99533  -0.19331   0.80994   0.06940   0.06491   0.06981;
 -1.00000  -0.10000   0.80000  -0.99489  -0.09895   0.80522   0.06934   0.06673   0.06608;
 -1.00000   0.00000   0.80000  -0.99937  -0.00016   0.79830   0.04209   0.01075   0.11319;
 -1.00000   0.10000   0.80000  -0.99754   0.10031   0.79339   0.04318   0.00546   0.11609;
 -1.00000   0.20000   0.80000  -1.00194   0.19901   0.80523   0.03488   0.01774   0.09378;
 -1.00000   0.30000   0.80000  -1.00487   0.30729   0.80097   0.06227   0.06075   0.06232;
 -1.00000   0.40000   0.80000  -0.99105   0.39233   0.80058   0.06974   0.06891   0.06934;
 -1.00000   0.50000   0.80000  -0.99992   0.49083   0.80830   0.07722   0.06274   0.06336;
 -1.00000   0.60000   0.80000  -0.99387   0.59473   0.80503   0.07097   0.07162   0.06569;
 -1.00000   0.70000   0.80000  -1.01110   0.69280   0.80926   0.06792   0.06051   0.06698;
 -1.00000   0.80000   0.80000  -0.99208   0.79082   0.79645   0.06924   0.06664   0.06731;
 -1.00000   0.90000   0.80000  -1.00260   0.90580   0.80801   0.07460   0.06704   0.06946;
 -1.00000   1.00000   0.80000  -1.00112   0.99591   0.78578   0.06254   0.06301   0.05903;
 -0.90000  -1.00000   0.80000  -0.90515  -0.99373   0.80083   0.07347   0.07016   0.06081;
 -0.90000  -0.90000   0.80000  -0.90287  -0.89908   0.79519   0.06755   0.07152   0.06520;
 -0.90000  -0.80000   0.80000  -0.90981  -0.80295   0.80587   0.06216   0.06475   0.06206;
 -0.90000  -0.70000   0.80000  -0.89963  -0.71573   0.80542   0.06324   0.07215   0.06863;
 -0.90000  -0.60000   0.80000  -0.89607  -0.59581   0.80738   0.06384   0.06338   0.06896;
 -0.90000  -0.50000   0.80000  -0.92205  -0.24424   0.24825   0.20545   2.38289   5.14048;
 -0.90000  -0.40000   0.80000  -0.81894  -2.74870   2.82479   0.80796  23.41033  20.18174;
 -0.90000  -0.30000   0.80000  -0.90058  -0.27295   0.78543   0.00176   0.08156   0.04393;
 -0.90000  -0.20000   0.80000  -0.90041  -0.17371   0.78970   0.00124   0.07876   0.03085;
 -0.90000  -0.10000   0.80000  -0.90041  -0.06667   0.78974   0.00157   0.12724   0.03915;
 -0.90000   0.00000   0.80000  -0.90000  -0.00000   0.80000   0.00002   0.00001   0.00003;
 -0.90000   0.10000   0.80000  -0.89613   0.10035   0.79246   0.03672   0.00336   0.07144;
 -0.90000   0.20000   0.80000  -0.89469   0.20195   0.78968   0.03509   0.01291   0.06827;
 -0.90000   0.30000   0.80000  -0.88932   0.30003   0.79144   0.06899   0.06842   0.07909;
 -0.90000   0.40000   0.80000  -0.91485   0.40047   0.79721   0.06618   0.07098   0.06240;
 -0.90000   0.50000   0.80000  -0.89700   0.50646   0.79609   0.07120   0.05638   0.06418;
 -0.90000   0.60000   0.80000  -0.89871   0.59153   0.80559   0.06218   0.06724   0.06203;
 -0.90000   0.70000   0.80000  -0.89783   0.69122   0.79281   0.07088   0.06804   0.06010;
 -0.90000   0.80000   0.80000  -0.90218   0.81129   0.79405   0.06634   0.06887   0.05744;
 -0.90000   0.90000   0.80000  -0.90612   0.90405   0.79974   0.06547   0.07748   0.06439;
 -0.90000   1.00000   0.80000  -0.90471   1.00073   0.81498   0.05866   0.06527   0.07037;
 -0.80000  -1.00000   0.80000  -0.79632  -1.00243   0.79197   0.06839   0.06815   0.05907;
 -0.80000  -0.90000   0.80000  -0.79322  -0.90355   0.80157   0.06446   0.06946   0.06658;
 -0.80000  -0.80000   0.80000  -0.80250  -0.80979   0.80069   0.06316   0.06241   0.05938;
 -0.80000  -0.70000   0.80000  -0.79448  -0.69020   0.78300   0.06293   0.06919   0.06403;
 -0.80000  -0.60000   0.80000  -1.19963  -2.06613   5.92552   3.99632  14.66132  51.25517;
 -0.80000  -0.50000   0.80000  -1.40928  -7.72534   8.37407   6.09284  72.25341  75.74064;
 -0.80000  -0.40000   0.80000  -0.79706  -0.39481   0.79553   0.02117   0.03740   0.03225;
 -0.80000  -0.30000   0.80000  -0.79558  -0.28750   0.79327   0.02139   0.06047   0.03258;
 -0.80000  -0.20000   0.80000  -0.80000  -0.20000   0.80000   0.00002   0.00002   0.00005;
 -0.80000  -0.10000   0.80000  -0.80000  -0.10000   0.80000   0.00002   0.00001   0.00004;
 -0.80000   0.00000   0.80000  -0.80000  -0.00000   0.80000   0.00001   0.00001   0.00001;
 -0.80000   0.10000   0.80000  -0.80000   0.10000   0.80000   0.00001   0.00001   0.00001;
 -0.80000   0.20000   0.80000  -0.80000   0.20000   0.80000   0.00001   0.00001   0.00001;
 -0.80000   0.30000   0.80000  -0.79599   0.30202   0.79389   0.03943   0.01991   0.06010;
 -0.80000   0.40000   0.80000  -0.78694   0.39800   0.80103   0.05765   0.06671   0.07410;
 -0.80000   0.50000   0.80000  -0.79793   0.50122   0.80344   0.05906   0.07093   0.05941;
 -0.80000   0.60000   0.80000  -0.79895   0.60477   0.78663   0.06733   0.06435   0.06856;
 -0.80000   0.70000   0.80000  -0.80583   0.69969   0.81230   0.06443   0.07312   0.07215;
 -0.80000   0.80000   0.80000  -0.80260   0.79971   0.80949   0.06840   0.07027   0.06375;
 -0.80000   0.90000   0.80000  -0.79684   0.89436   0.80494   0.06942   0.05914   0.06472;
 -0.80000   1.00000   0.80000  -0.79973   1.00638   0.79191   0.07299   0.06582   0.06839;
 -0.70000  -1.00000   0.80000  -0.69330  -1.01006   0.80438   0.06577   0.06164   0.06885;
 -0.70000  -0.90000   0.80000  -0.70076  -0.90440   0.80101   0.07153   0.06847   0.06629;
 -0.70000  -0.80000   0.80000  -0.70456  -0.81103   0.80123   0.06529   0.06448   0.05755;
 -0.70000  -0.70000   0.80000  -0.69480  -0.68869   0.80070   0.06457   0.06869   0.07525;
 -0.70000  -0.60000   0.80000  -4.64335  -2.01738   5.89258  31.94844  11.48251  41.26124;
 -0.70000  -0.50000   0.80000  -0.70000  -0.50000   0.80001   0.00004   0.00005   0.00005;
 -0.70000  -0.40000   0.80000  -0.70000  -0.40000   0.80000   0.00004   0.00007   0.00005;
 -0.70000  -0.30000   0.80000  -0.70000  -0.30000   0.80000   0.00004   0.00010   0.00004;
 -0.70000  -0.20000   0.80000  -0.70000  -0.20000   0.80000   0.00001   0.00001   0.00003;
 -0.70000  -0.10000   0.80000  -0.67326  -0.04025   1.27353   0.31166   0.69636   5.51901;
 -0.70000   0.00000   0.80000  -0.71502   0.00372   0.53391   0.05984   0.01481   1.05983;
 -0.70000   0.10000   0.80000  -0.70735   0.12005   0.66989   0.02792   0.07623   0.49458;
 -0.70000   0.20000   0.80000  -0.70052   0.20274   0.79068   0.00613   0.03196   0.10860;
 -0.70000   0.30000   0.80000  -0.69003   0.28675   0.80597   0.06307   0.06310   0.07069;
 -0.70000   0.40000   0.80000  -0.70239   0.40150   0.80632   0.07021   0.06818   0.06573;
 -0.70000   0.50000   0.80000  -0.68796   0.49680   0.81102   0.06821   0.06796   0.06713;
 -0.70000   0.60000   0.80000  -0.71335   0.60554   0.79462   0.06481   0.07312   0.07682;
 -0.70000   0.70000   0.80000  -0.71354   0.69650   0.80685   0.06884   0.06062   0.06565;
 -0.70000   0.80000   0.80000  -0.69444   0.79716   0.78732   0.07012   0.06464   0.06547;
 -0.70000   0.90000   0.80000  -0.70153   0.90150   0.78859   0.06635   0.06376   0.06433;
 -0.70000   1.00000   0.80000  -0.69509   1.00573   0.79486   0.07072   0.06556   0.06332;
 -0.60000  -1.00000   0.80000  -0.59590  -0.99883   0.80438   0.06994   0.06897   0.07172;
 -0.60000  -0.90000   0.80000  -0.59682  -0.89946   0.79819   0.06880   0.07212   0.06040;
 -0.60000  -0.80000   0.80000  -0.59002  -0.80930   0.79902   0.07005   0.06151   0.05780;
