f = [
 -1.000  -1.000   0.200  -1.004  -1.006   0.199 1000.000 1000.000 1000.000;
 -1.000  -0.900   0.200  -0.997  -0.905   0.196 1000.000 1000.000 1000.000;
 -1.000  -0.800   0.200  -1.002  -0.796   0.201 1000.000 1000.000 1000.000;
 -1.000  -0.700   0.200  -0.995  -0.700   0.209 1000.000 1000.000 1000.000;
 -1.000  -0.600   0.200  -0.994  -0.602   0.209 1000.000 1000.000 1000.000;
 -1.000  -0.500   0.200  -1.002  -0.500   0.208 1000.000 1000.000 1000.000;
 -1.000  -0.400   0.200  -1.008  -0.393   0.192 1000.000 1000.000 1000.000;
 -1.000  -0.300   0.200  -1.000  -0.300   0.200   0.400   0.400   0.400;
 -1.000  -0.200   0.200  -0.999  -0.195   0.193   0.037   0.019   0.079;
 -1.000  -0.100   0.200  -0.999  -0.096   0.194   0.035   0.017   0.075;
 -1.000   0.000   0.200  -0.999   0.004   0.195   0.034   0.016   0.072;
 -1.000   0.100   0.200  -0.999   0.104   0.195   0.032   0.016   0.069;
 -1.000   0.200   0.200  -0.999   0.203   0.196   0.031   0.017   0.067;
 -1.000   0.300   0.200  -0.999   0.303   0.196   0.029   0.019   0.066;
 -1.000   0.400   0.200  -1.005   0.429   0.185   0.033   0.295   0.217;
 -1.000   0.500   0.200  -1.000   0.504   0.197   0.400   0.400   0.400;
 -1.000   0.600   0.200  -1.001   0.609   0.194   0.400   0.400   0.400;
 -1.000   0.700   0.200  -1.001   0.711   0.193   0.400   0.400   0.400;
 -1.000   0.800   0.200  -1.001   0.813   0.193   0.400   0.400   0.400;
 -1.000   0.900   0.200  -1.000   0.906   0.197   0.400   0.400   0.400;
 -1.000   1.000   0.200  -1.001   1.017   0.192   0.400   0.400   0.400;
 -0.900  -1.000   0.200  -0.894  -1.007   0.199 1000.000 1000.000 1000.000;
 -0.900  -0.900   0.200  -0.903  -0.902   0.200 1000.000 1000.000 1000.000;
 -0.900  -0.800   0.200  -0.910  -0.804   0.191 1000.000 1000.000 1000.000;
 -0.900  -0.700   0.200  -0.893  -0.698   0.202 1000.000 1000.000 1000.000;
 -0.900  -0.600   0.200  -0.901  -0.602   0.190 1000.000 1000.000 1000.000;
 -0.900  -0.500   0.200  -0.895  -0.504   0.189 1000.000 1000.000 1000.000;
 -0.900  -0.400   0.200  -0.903  -0.404   0.183   0.400   0.400   0.400;
 -0.900  -0.300   0.200  -0.898  -0.297   0.190   0.026   0.014   0.069;
 -0.900  -0.200   0.200  -0.898  -0.197   0.192   0.023   0.009   0.065;
 -0.900  -0.100   0.200  -0.898  -0.097   0.192   0.021   0.007   0.062;
 -0.900   0.000   0.200  -0.899   0.003   0.193   0.019   0.006   0.059;
 -0.900   0.100   0.200  -0.899   0.103   0.193   0.017   0.008   0.057;
 -0.900   0.200   0.200  -0.899   0.203   0.194   0.015   0.010   0.055;
 -0.900   0.300   0.200  -0.899   0.303   0.194   0.014   0.013   0.054;
 -0.900   0.400   0.200  -0.899   0.403   0.194   0.013   0.015   0.052;
 -0.900   0.500   0.200  -0.903   0.530   0.185   0.032   0.315   0.213;
 -0.900   0.600   0.200  -0.902   0.632   0.184   0.032   0.350   0.217;
 -0.900   0.700   0.200  -0.902   0.736   0.183   0.032   0.387   0.222;
 -0.900   0.800   0.200  -0.902   0.840   0.182   0.032   0.426   0.227;
 -0.900   0.900   0.200  -0.902   0.945   0.181   0.032   0.468   0.232;
 -0.900   1.000   0.200  -0.902   1.052   0.179   0.032   0.511   0.238;
 -0.800  -1.000   0.200  -0.805  -0.990   0.200 1000.000 1000.000 1000.000;
 -0.800  -0.900   0.200  -0.803  -0.915   0.210 1000.000 1000.000 1000.000;
 -0.800  -0.800   0.200  -0.807  -0.792   0.194 1000.000 1000.000 1000.000;
 -0.800  -0.700   0.200  -0.796  -0.700   0.202 1000.000 1000.000 1000.000;
 -0.800  -0.600   0.200  -0.782  -0.615   0.194 1000.000 1000.000 1000.000;
 -0.800  -0.500   0.200  -0.799  -0.506   0.207 1000.000 1000.000 1000.000;
 -0.800  -0.400   0.200  -0.798  -0.397   0.187   0.029   0.018   0.086;
 -0.800  -0.300   0.200  -0.797  -0.298   0.192   0.024   0.013   0.065;
 -0.800  -0.200   0.200  -0.798  -0.198   0.193   0.022   0.008   0.061;
 -0.800  -0.100   0.200  -0.798  -0.098   0.193   0.020   0.005   0.058;
 -0.800   0.000   0.200  -0.798   0.002   0.194   0.018   0.004   0.056;
 -0.800   0.100   0.200  -0.799   0.102   0.194   0.017   0.006   0.054;
 -0.800   0.200   0.200  -0.799   0.202   0.194   0.015   0.009   0.053;
 -0.800   0.300   0.200  -0.799   0.302   0.194   0.014   0.011   0.051;
 -0.800   0.400   0.200  -0.799   0.402   0.195   0.014   0.014   0.050;
 -0.800   0.500   0.200  -0.800   0.529   0.185   0.051   0.303   0.207;
 -0.800   0.600   0.200  -0.800   0.632   0.184   0.051   0.338   0.211;
 -0.800   0.700   0.200  -0.800   0.735   0.183   0.051   0.374   0.215;
 -0.800   0.800   0.200  -0.800   0.840   0.182   0.052   0.412   0.220;
 -0.800   0.900   0.200  -0.800   0.945   0.181   0.052   0.452   0.226;
 -0.800   1.000   0.200  -0.799   1.051   0.179   0.053   0.495   0.231;
 -0.700  -1.000   0.200  -0.704  -1.000   0.208 1000.000 1000.000 1000.000;
 -0.700  -0.900   0.200  -0.706  -0.908   0.198 1000.000 1000.000 1000.000;
 -0.700  -0.800   0.200  -0.697  -0.787   0.205 1000.000 1000.000 1000.000;
 -0.700  -0.700   0.200  -0.689  -0.706   0.199 1000.000 1000.000 1000.000;
 -0.700  -0.600   0.200  -0.700  -0.596   0.196 1000.000 1000.000 1000.000;
 -0.700  -0.500   0.200  -0.691  -0.483   0.156   0.073   0.032   0.197;
 -0.700  -0.400   0.200  -0.697  -0.398   0.190   0.026   0.018   0.080;
 -0.700  -0.300   0.200  -0.697  -0.298   0.193   0.022   0.012   0.062;
 -0.700  -0.200   0.200  -0.698  -0.198   0.194   0.021   0.008   0.058;
 -0.700  -0.100   0.200  -0.698  -0.098   0.194   0.019   0.004   0.056;
 -0.700   0.000   0.200  -0.698   0.002   0.194   0.018   0.003   0.054;
 -0.700   0.100   0.200  -0.699   0.102   0.195   0.017   0.005   0.052;
 -0.700   0.200   0.200  -0.699   0.202   0.195   0.016   0.008   0.051;
 -0.700   0.300   0.200  -0.699   0.302   0.195   0.015   0.010   0.049;
 -0.700   0.400   0.200  -0.699   0.402   0.195   0.015   0.013   0.048;
 -0.700   0.500   0.200  -0.698   0.530   0.185   0.073   0.293   0.202;
 -0.700   0.600   0.200  -0.698   0.632   0.184   0.074   0.327   0.206;
 -0.700   0.700   0.200  -0.698   0.736   0.183   0.075   0.362   0.210;
 -0.700   0.800   0.200  -0.697   0.840   0.182   0.076   0.400   0.215;
 -0.700   0.900   0.200  -0.697   0.945   0.180   0.077   0.440   0.220;
 -0.700   1.000   0.200  -0.696   1.051   0.178   0.079   0.482   0.226;
 -0.600  -1.000   0.200  -0.599  -1.002   0.190 1000.000 1000.000 1000.000;
 -0.600  -0.900   0.200  -0.615  -0.893   0.203 1000.000 1000.000 1000.000;
 -0.600  -0.800   0.200  -0.592  -0.807   0.186 1000.000 1000.000 1000.000;
 -0.600  -0.700   0.200  -0.608  -0.690   0.193 1000.000 1000.000 1000.000;
 -0.600  -0.600   0.200 -38.531  -9.849  99.059 379.539  92.600 989.216;
 -0.600  -0.500   0.200 -77.985 -51.315 199.781 545.340 357.686 1406.201;
 -0.600  -0.400   0.200  -0.597  -0.398   0.191   0.024   0.018   0.076;
 -0.600  -0.300   0.200  -0.598  -0.299   0.194   0.022   0.012   0.059;
 -0.600  -0.200   0.200  -0.598  -0.199   0.194   0.020   0.008   0.056;
 -0.600  -0.100   0.200  -0.598  -0.099   0.195   0.019   0.004   0.054;
 -0.600   0.000   0.200  -0.598   0.001   0.195   0.018   0.002   0.052;
 -0.600   0.100   0.200  -0.598   0.102   0.195   0.017   0.004   0.050;
 -0.600   0.200   0.200  -0.599   0.202   0.195   0.017   0.007   0.049;
 -0.600   0.300   0.200  -0.599   0.302   0.195   0.016   0.010   0.048;
 -0.600   0.400   0.200  -0.599   0.402   0.195   0.016   0.013   0.046;
 -0.600   0.500   0.200  -0.596   0.530   0.184   0.096   0.285   0.197;
 -0.600   0.600   0.200  -0.596   0.633   0.184   0.097   0.318   0.201;
 -0.600   0.700   0.200  -0.595   0.736   0.183   0.099   0.353   0.206;
 -0.600   0.800   0.200  -0.595   0.841   0.181   0.101   0.390   0.211;
 -0.600   0.900   0.200  -0.594   0.946   0.180   0.103   0.429   0.216;
 -0.600   1.000   0.200  -0.593   1.052   0.178   0.105   0.470   0.222;
 -0.500  -1.000   0.200  -0.488  -1.004   0.194 1000.000 1000.000 1000.000;
 -0.500  -0.900   0.200  -0.497  -0.888   0.204 1000.000 1000.000 1000.000;
 -0.500  -0.800   0.200  -0.508  -0.796   0.194 1000.000 1000.000 1000.000;
