scene_id = 0 
target_pose = [ -0.403636 -0.914243 0.035173 -0.525696;
 0.914651 -0.404151 -0.008702 -0.246670;
 0.022171 0.028659 0.999343 0.146710;
 0.000000 0.000000 0.000000 1.000000];
cameras = [ basler3 basler5 basler7 ]
scene_id = 1 
target_pose = [ -0.257357 -0.965377 0.042601 -0.541151;
 0.965827 -0.255575 0.043118 -0.253007;
 -0.030737 0.052241 0.998161 0.151873;
 0.000000 0.000000 0.000000 1.000000];
cameras = [ basler3 basler5 basler7 ]
scene_id = 2 
target_pose = [ -0.418981 -0.813262 -0.403806 -0.510935;
 0.907877 -0.382383 -0.171880 -0.238074;
 -0.014625 -0.438621 0.898553 0.193488;
 0.000000 0.000000 0.000000 1.000000];
cameras = [ basler3 basler5 ]
scene_id = 3 
target_pose = [ -0.404964 -0.913839 0.030042 -0.579377;
 0.894797 -0.389343 0.218517 0.130681;
 -0.187993 0.115373 0.975371 0.307368;
 0.000000 0.000000 0.000000 1.000000];
cameras = [ basler3 ]
scene_id = 4 
target_pose = [ -0.405742 -0.913267 0.036292 -0.535755;
 0.867637 -0.372378 0.329454 -0.146317;
 -0.287365 0.165161 0.943474 0.167396;
 0.000000 0.000000 0.000000 1.000000];
cameras = [ basler3 basler7 ]
scene_id = 5 
target_pose = [ 0.701908 -0.710422 0.051251 -0.660717;
 0.707618 0.703726 0.063607 -0.169877;
 -0.081255 -0.008380 0.996658 0.125962;
 0.000000 0.000000 0.000000 1.000000];
cameras = [ basler3 basler7 ]
scene_id = 6 
target_pose = [ -0.604198 -0.793312 0.074836 -0.426740;
 0.796583 -0.603698 0.031708 -0.264487;
 0.020024 0.078771 0.996692 0.124988;
 0.000000 0.000000 0.000000 1.000000];
cameras = [ basler3 ]
scene_id = 7 
target_pose = [ -0.325487 -0.943776 0.057833 -0.499881;
 0.945546 -0.324845 0.020451 -0.254439;
 -0.000514 0.061340 0.998117 0.185894;
 0.000000 0.000000 0.000000 1.000000];
cameras = [ basler3 basler5 ]
scene_id = 8 
target_pose = [ 0.602840 -0.785260 -0.141247 -0.580886;
 0.797795 0.590976 0.119460 -0.044180;
 -0.010333 -0.184702 0.982740 0.219306;
 0.000000 0.000000 0.000000 1.000000];
cameras = [ basler3 ]
scene_id = 10 
target_pose = [ -0.252973 -0.966530 0.042716 -0.542233;
 0.966964 -0.251160 0.043587 -0.251734;
 -0.031400 0.052331 0.998136 0.151932;
 0.000000 0.000000 0.000000 1.000000];
cameras = [ basler3 basler5 basler7 ]
