scene_id = 1 
target_pose = [ 0.835525 -0.392957 -0.384034 -0.642551;
 0.549223 0.577134 0.604376 0.215565;
 -0.015855 -0.715892 0.698031 0.481586;
 0.000000 0.000000 0.000000 1.000000];
cameras = [ basler1 ]
scene_id = 2 
target_pose = [ 0.835659 -0.392688 -0.384018 -0.603198;
 0.549027 0.577371 0.604328 0.104428;
 -0.015591 -0.715848 0.698082 0.430046;
 0.000000 0.000000 0.000000 1.000000];
cameras = [ basler1 ]
scene_id = 3 
target_pose = [ 0.835679 -0.392451 -0.384217 -0.671381;
 0.548999 0.577141 0.604573 0.086546;
 -0.015518 -0.716163 0.697760 0.371221;
 0.000000 0.000000 0.000000 1.000000];
cameras = [ basler1 ]
scene_id = 4 
target_pose = [ 0.835722 -0.392596 -0.383976 -0.612406;
 0.548936 0.577571 0.604219 -0.078212;
 -0.015441 -0.715738 0.698199 0.370446;
 0.000000 0.000000 0.000000 1.000000];
cameras = [ basler1 ]
scene_id = 5 
target_pose = [ 0.835699 -0.392608 -0.384014 -0.471685;
 0.548969 0.577453 0.604302 0.041411;
 -0.015504 -0.715826 0.698106 0.370484;
 0.000000 0.000000 0.000000 1.000000];
cameras = [ basler1 ]
scene_id = 6 
target_pose = [ 0.800990 -0.513554 -0.307697 -0.530236;
 0.586502 0.569997 0.575430 -0.338799;
 -0.120128 -0.641379 0.757762 0.210372;
 0.000000 0.000000 0.000000 1.000000];
cameras = [ basler1 ]
scene_id = 7 
target_pose = [ 0.800620 -0.513940 -0.308014 -0.546063;
 0.586890 0.569104 0.575918 -0.377187;
 -0.120696 -0.641862 0.757262 0.209987;
 0.000000 0.000000 0.000000 1.000000];
cameras = [ basler1 ]
scene_id = 8 
target_pose = [ 0.934033 -0.331796 -0.132266 -0.631310;
 0.336160 0.691378 0.639525 -0.208098;
 -0.120746 -0.641800 0.757307 0.210011;
 0.000000 0.000000 0.000000 1.000000];
cameras = [ basler1 ]
scene_id = 9 
target_pose = [ 0.935246 -0.329333 -0.129827 -0.517867;
 0.332727 0.692580 0.640020 -0.205745;
 -0.120864 -0.641773 0.757310 0.210260;
 0.000000 0.000000 0.000000 1.000000];
cameras = [ basler1 ]
scene_id = 10 
target_pose = [ 0.935266 -0.329199 -0.130022 -0.448802;
 0.332737 0.692499 0.640102 -0.205754;
 -0.120681 -0.641929 0.757207 0.210079;
 0.000000 0.000000 0.000000 1.000000];
cameras = [ basler1 ]
scene_id = 12 
target_pose = [ 0.935324 -0.329086 -0.129888 -0.419833;
 0.332657 0.693044 0.639554 -0.076081;
 -0.120450 -0.641399 0.757694 0.209843;
 0.000000 0.000000 0.000000 1.000000];
cameras = [ basler1 ]
scene_id = 13 
target_pose = [ 0.935322 -0.329139 -0.129770 -0.516462;
 0.332551 0.692689 0.639994 -0.074379;
 -0.120757 -0.641756 0.757342 0.210391;
 0.000000 0.000000 0.000000 1.000000];
cameras = [ basler1 ]
scene_id = 14 
target_pose = [ 0.935292 -0.329137 -0.129990 -0.655731;
 0.332668 0.692518 0.640118 -0.074556;
 -0.120666 -0.641941 0.757200 0.241613;
 0.000000 0.000000 0.000000 1.000000];
cameras = [ basler1 ]
scene_id = 15 
target_pose = [ 0.938266 -0.009885 -0.345774 -0.569974;
 0.226199 0.773793 0.591674 -0.093879;
 0.261708 -0.633361 0.728260 0.263920;
 0.000000 0.000000 0.000000 1.000000];
cameras = [ basler1 ]
scene_id = 16 
target_pose = [ 0.868868 -0.352855 -0.347221 -0.588544;
 0.494885 0.636904 0.591137 0.026587;
 0.012560 -0.685454 0.728008 0.332273;
 0.000000 0.000000 0.000000 1.000000];
cameras = [ basler1 ]
scene_id = 17 
target_pose = [ 0.868493 -0.353904 -0.347091 -0.588986;
 0.495566 0.636278 0.591239 0.143351;
 0.011605 -0.685494 0.727986 0.424030;
 0.000000 0.000000 0.000000 1.000000];
cameras = [ basler1 ]
scene_id = 18 
target_pose = [ 0.868407 -0.353962 -0.347247 -0.633818;
 0.495718 0.636052 0.591355 0.215207;
 0.011550 -0.685674 0.727818 0.466591;
 0.000000 0.000000 0.000000 1.000000];
cameras = [ basler1 ]
scene_id = 19 
target_pose = [ -0.045612 -0.788067 -0.613897 -0.715025;
 0.998791 -0.024700 -0.042502 0.072496;
 0.018332 -0.615093 0.788241 0.623341;
 0.000000 0.000000 0.000000 1.000000];
cameras = [ basler3 ]
scene_id = 20 
target_pose = [ -0.050074 -0.787735 -0.613975 -0.715226;
 0.998572 -0.028045 -0.045458 0.118760;
 0.018590 -0.615375 0.788015 0.623966;
 0.000000 0.000000 0.000000 1.000000];
cameras = [ basler3 ]
scene_id = 21 
target_pose = [ -0.150500 -0.872281 -0.465269 -0.714059;
 0.987585 -0.111225 -0.110928 0.082635;
 0.045010 -0.476188 0.878191 0.685953;
 0.000000 0.000000 0.000000 1.000000];
cameras = [ basler3 ]
scene_id = 22 
target_pose = [ -0.155666 -0.875441 -0.457570 -0.850569;
 0.986699 -0.115841 -0.114046 -0.047326;
 0.046835 -0.469237 0.881829 0.784390;
 0.000000 0.000000 0.000000 1.000000];
cameras = [ basler3 ]
scene_id = 23 
target_pose = [ 0.008794 -0.904676 -0.426010 -0.868112;
 0.996889 -0.025439 0.074601 -0.060502;
 -0.078327 -0.425340 0.901638 0.811519;
 0.000000 0.000000 0.000000 1.000000];
cameras = [ basler3 ]
scene_id = 24 
target_pose = [ -0.049929 -0.788347 -0.613201 -0.716169;
 0.998583 -0.028089 -0.045197 0.071414;
 0.018406 -0.614589 0.788633 0.625060;
 0.000000 0.000000 0.000000 1.000000];
cameras = [ basler3 ]
scene_id = 25 
target_pose = [ -0.050252 -0.787878 -0.613777 -0.715302;
 0.998561 -0.028130 -0.045647 0.117548;
 0.018699 -0.615188 0.788159 0.624185;
 0.000000 0.000000 0.000000 1.000000];
cameras = [ basler3 ]
scene_id = 26 
target_pose = [ -0.150368 -0.872122 -0.465611 -0.714198;
 0.987616 -0.111189 -0.110684 0.082650;
 0.044759 -0.476488 0.878041 0.685652;
 0.000000 0.000000 0.000000 1.000000];
cameras = [ basler3 ]
scene_id = 27 
target_pose = [ -0.155388 -0.875470 -0.457611 -0.850727;
 0.986747 -0.115642 -0.113825 -0.047283;
 0.046732 -0.469233 0.881837 0.784306;
 0.000000 0.000000 0.000000 1.000000];
cameras = [ basler3 ]
scene_id = 28 
target_pose = [ 0.008377 -0.904675 -0.426020 -0.867991;
 0.996904 -0.025754 0.074292 -0.060517;
 -0.078181 -0.425324 0.901658 0.811542;
 0.000000 0.000000 0.000000 1.000000];
cameras = [ basler3 ]
scene_id = 32 
target_pose = [ 0.863366 -0.391084 -0.318829 -0.953948;
 0.419291 0.907582 0.022146 -0.081817;
 0.280703 -0.152802 0.947553 0.638119;
 0.000000 0.000000 0.000000 1.000000];
cameras = [ basler3 ]
scene_id = 33 
target_pose = [ 0.920536 -0.225841 -0.318762 -0.945508;
 0.245413 0.969167 0.022065 0.054309;
 0.303951 -0.098540 0.947578 0.599767;
 0.000000 0.000000 0.000000 1.000000];
cameras = [ basler3 ]
scene_id = 34 
target_pose = [ -0.117800 -0.940436 -0.318909 -0.820184;
 0.991064 -0.131576 0.021924 -0.070826;
 -0.062578 -0.313477 0.947532 0.609375;
 0.000000 0.000000 0.000000 1.000000];
cameras = [ basler3 ]
scene_id = 35 
target_pose = [ -0.889648 -0.326927 -0.318819 -0.723182;
 0.337922 -0.940919 0.021893 -0.030693;
 -0.307141 -0.088259 0.947563 0.641991;
 0.000000 0.000000 0.000000 1.000000];
cameras = [ basler3 ]
scene_id = 36 
target_pose = [ -0.897690 -0.304305 -0.318671 -0.598849;
 0.313945 -0.949186 0.022017 -0.053751;
 -0.309178 -0.080280 0.947610 0.555332;
 0.000000 0.000000 0.000000 1.000000];
cameras = [ basler3 ]
scene_id = 37 
target_pose = [ -0.897691 -0.304040 -0.318923 -0.619611;
 0.313652 -0.949280 0.022125 0.145632;
 -0.309474 -0.080169 0.947522 0.554262;
 0.000000 0.000000 0.000000 1.000000];
cameras = [ basler3 ]
scene_id = 38 
target_pose = [ -0.897749 -0.303990 -0.318806 -0.619899;
 0.313659 -0.949283 0.021912 0.147569;
 -0.309298 -0.080325 0.947567 0.390560;
 0.000000 0.000000 0.000000 1.000000];
cameras = [ basler3 ]
scene_id = 39 
target_pose = [ -0.183255 -0.929884 -0.318957 -0.712966;
 0.979439 -0.200546 0.021938 0.134940;
 -0.084366 -0.308379 0.947515 0.356362;
 0.000000 0.000000 0.000000 1.000000];
cameras = [ basler3 ]
scene_id = 40 
target_pose = [ 0.551613 -0.770771 -0.318803 -0.762945;
 0.817280 0.575824 0.021936 0.089562;
 0.166667 -0.272651 0.947567 0.341294;
 0.000000 0.000000 0.000000 1.000000];
cameras = [ basler3 ]
scene_id = 41 
target_pose = [ 0.554604 -0.768569 -0.318930 -0.763075;
 0.815053 0.578963 0.022131 0.089328;
 0.167640 -0.272218 0.947520 0.154635;
 0.000000 0.000000 0.000000 1.000000];
cameras = [ basler3 ]
scene_id = 42 
target_pose = [ 0.909247 -0.267708 -0.318750 -0.752854;
 0.289484 0.956928 0.022070 0.152402;
 0.299112 -0.112340 0.947582 0.155572;
 0.000000 0.000000 0.000000 1.000000];
cameras = [ basler3 ]
scene_id = 43 
target_pose = [ 0.800632 -0.510908 -0.312987 -0.766084;
 0.518924 0.852419 -0.064030 -0.054497;
 0.299510 -0.111151 0.947597 0.155627;
 0.000000 0.000000 0.000000 1.000000];
cameras = [ basler3 ]
scene_id = 44 
target_pose = [ 0.799142 -0.513237 -0.312986 -0.510401;
 0.521114 0.851013 -0.064946 -0.056345;
 0.299688 -0.111200 0.947535 0.155861;
 0.000000 0.000000 0.000000 1.000000];
cameras = [ basler3 ]
scene_id = 45 
target_pose = [ 0.024766 -0.949409 -0.313064 -0.484975;
 0.996765 0.047401 -0.064897 -0.145645;
 0.076454 -0.310444 0.947512 0.157240;
 0.000000 0.000000 0.000000 1.000000];
cameras = [ basler3 ]
scene_id = 46 
target_pose = [ 0.018059 -0.949648 -0.312797 -0.477663;
 0.997092 0.040270 -0.064693 -0.365303;
 0.074032 -0.310719 0.947614 0.157492;
 0.000000 0.000000 0.000000 1.000000];
cameras = [ basler3 ]
scene_id = 47 
target_pose = [ 0.018161 -0.949571 -0.313025 -0.343482;
 0.997072 0.040461 -0.064890 -0.367746;
 0.074283 -0.310930 0.947525 0.157626;
 0.000000 0.000000 0.000000 1.000000];
cameras = [ basler3 ]
scene_id = 48 
target_pose = [ 0.017976 -0.949540 -0.313131 -0.699747;
 0.997069 0.040317 -0.065017 -0.341081;
 0.074360 -0.311044 0.947482 0.157602;
 0.000000 0.000000 0.000000 1.000000];
cameras = [ basler3 ]
scene_id = 49 
target_pose = [ 0.017909 -0.949728 -0.312564 -0.727811;
 0.997069 0.040221 -0.065084 0.193649;
 0.074384 -0.310482 0.947665 0.157442;
 0.000000 0.000000 0.000000 1.000000];
cameras = [ basler3 ]
scene_id = 50 
target_pose = [ 0.017819 -0.949816 -0.312302 -0.315705;
 0.997071 0.040116 -0.065118 0.224338;
 0.074379 -0.310227 0.947749 0.158096;
 0.000000 0.000000 0.000000 1.000000];
cameras = [ basler3 ]
scene_id = 54 
target_pose = [ -0.658958 -0.583975 -0.474075 -0.373783;
 0.751326 -0.481012 -0.451814 -0.430835;
 0.035812 -0.653912 0.755723 0.728124;
 0.000000 0.000000 0.000000 1.000000];
cameras = [ basler4 ]
scene_id = 55 
target_pose = [ -0.823387 -0.233003 -0.517440 -0.667112;
 0.496547 -0.737246 -0.458158 -0.366472;
 -0.274728 -0.634174 0.722736 0.645001;
 0.000000 0.000000 0.000000 1.000000];
cameras = [ basler4 ]
scene_id = 57 
target_pose = [ -0.823877 -0.230844 -0.517627 -0.511270;
 0.414558 -0.868226 -0.272628 -0.476292;
 -0.386482 -0.439198 0.811010 0.532637;
 0.000000 0.000000 0.000000 1.000000];
cameras = [ basler4 basler5 ]
scene_id = 58 
target_pose = [ -0.823755 -0.230820 -0.517832 -0.379442;
 0.413829 -0.869111 -0.270910 -0.476943;
 -0.387522 -0.437457 0.811454 0.531939;
 0.000000 0.000000 0.000000 1.000000];
cameras = [ basler4 basler5 ]
scene_id = 59 
target_pose = [ -0.879098 -0.089943 -0.468079 -0.296538;
 0.277690 -0.894805 -0.349590 -0.530546;
 -0.387396 -0.437304 0.811597 0.531829;
 0.000000 0.000000 0.000000 1.000000];
cameras = [ basler4 basler5 ]
scene_id = 60 
target_pose = [ -0.798557 -0.280573 -0.532527 -0.314056;
 0.460542 -0.854458 -0.240422 -0.541596;
 -0.387567 -0.437242 0.811549 0.531735;
 0.000000 0.000000 0.000000 1.000000];
cameras = [ basler4 basler5 ]
scene_id = 61 
target_pose = [ -0.796123 -0.284999 -0.533819 -0.254001;
 0.464745 -0.852931 -0.237739 -0.468071;
 -0.387555 -0.437360 0.811491 0.532026;
 0.000000 0.000000 0.000000 1.000000];
cameras = [ basler4 basler5 ]
scene_id = 62 
target_pose = [ -0.796038 -0.285031 -0.533929 -0.202601;
 0.464819 -0.852905 -0.237689 -0.431142;
 -0.387642 -0.437390 0.811433 0.531970;
 0.000000 0.000000 0.000000 1.000000];
cameras = [ basler5 ]
scene_id = 63 
target_pose = [ -0.796051 -0.285328 -0.533752 -0.215155;
 0.465002 -0.852825 -0.237620 -0.576550;
 -0.387397 -0.437353 0.811570 0.532018;
 0.000000 0.000000 0.000000 1.000000];
cameras = [ basler4 ]
scene_id = 66 
target_pose = [ 0.950667 0.025851 0.309136 -0.179220;
 0.001584 0.996104 -0.088168 0.562955;
 -0.310211 0.084308 0.946922 0.625104;
 0.000000 0.000000 0.000000 1.000000];
cameras = [ basler6 ]
scene_id = 67 
target_pose = [ 0.974211 -0.073648 0.213281 -0.185928;
 0.086815 0.994812 -0.053027 0.557390;
 -0.208269 0.070175 0.975551 0.708885;
 0.000000 0.000000 0.000000 1.000000];
cameras = [ basler6 ]
scene_id = 68 
target_pose = [ 0.974340 -0.074664 0.212335 -0.205768;
 0.087704 0.994754 -0.052658 0.547926;
 -0.207290 0.069929 0.975777 0.709856;
 0.000000 0.000000 0.000000 1.000000];
cameras = [ basler6 ]
scene_id = 69 
target_pose = [ 0.974392 -0.074624 0.212112 -0.150811;
 0.087680 0.994748 -0.052814 0.538117;
 -0.207057 0.070060 0.975817 0.710042;
 0.000000 0.000000 0.000000 1.000000];
cameras = [ basler6 ]
scene_id = 70 
target_pose = [ 0.974387 -0.074691 0.212111 -0.137052;
 0.072016 0.997196 0.020319 0.539055;
 -0.213034 -0.004523 0.977034 0.747883;
 0.000000 0.000000 0.000000 1.000000];
cameras = [ basler6 ]
scene_id = 71 
target_pose = [ 0.982854 -0.170982 0.069012 -0.144184;
 0.169388 0.985141 0.028362 0.531383;
 -0.072836 -0.016186 0.997213 0.737871;
 0.000000 0.000000 0.000000 1.000000];
cameras = [ basler6 ]
scene_id = 72 
target_pose = [ 0.982645 -0.174139 0.063916 -0.030106;
 0.172649 0.984580 0.028189 0.515022;
 -0.067839 -0.016665 0.997557 0.737637;
 0.000000 0.000000 0.000000 1.000000];
cameras = [ basler6 ]
scene_id = 73 
target_pose = [ 0.982618 -0.174154 0.064285 0.003425;
 0.181920 0.972326 -0.146583 0.512884;
 -0.036978 0.155730 0.987107 0.747313;
 0.000000 0.000000 0.000000 1.000000];
cameras = [ basler6 ]
scene_id = 74 
target_pose = [ 0.982610 -0.174381 0.063795 0.096658;
 0.182264 0.971435 -0.151968 0.502079;
 -0.035472 0.160952 0.986325 0.747699;
 0.000000 0.000000 0.000000 1.000000];
cameras = [ basler6 ]
scene_id = 75 
target_pose = [ 0.982586 -0.174498 0.063843 0.147473;
 0.182383 0.971433 -0.151836 0.502171;
 -0.035524 0.160836 0.986342 0.645858;
 0.000000 0.000000 0.000000 1.000000];
cameras = [ basler6 ]
scene_id = 76 
target_pose = [ 0.982592 -0.174421 0.063962 0.171542;
 0.182329 0.971429 -0.151927 0.501990;
 -0.035635 0.160944 0.986320 0.568222;
 0.000000 0.000000 0.000000 1.000000];
cameras = [ basler6 ]
scene_id = 77 
target_pose = [ 0.999014 -0.020609 0.039326 0.181793;
 0.026654 0.986760 -0.159983 0.513750;
 -0.035508 0.160874 0.986336 0.565704;
 0.000000 0.000000 0.000000 1.000000];
cameras = [ basler6 ]
scene_id = 78 
target_pose = [ 0.999115 -0.016355 0.038742 0.175943;
 0.022358 0.986868 -0.159974 0.599797;
 -0.035617 0.160699 0.986361 0.565626;
 0.000000 0.000000 0.000000 1.000000];
cameras = [ basler6 ]
scene_id = 79 
target_pose = [ 0.999128 -0.016017 0.038555 0.153204;
 0.030690 0.907844 -0.418183 0.584068;
 -0.028304 0.419002 0.907544 0.583163;
 0.000000 0.000000 0.000000 1.000000];
cameras = [ basler6 ]
scene_id = 80 
target_pose = [ 0.999123 -0.016203 0.038622 0.105106;
 0.030996 0.906217 -0.421675 0.597281;
 -0.028167 0.422503 0.905924 0.561602;
 0.000000 0.000000 0.000000 1.000000];
cameras = [ basler6 ]
scene_id = 81 
target_pose = [ 0.999119 -0.016394 0.038634 0.053859;
 0.031184 0.906073 -0.421971 0.597908;
 -0.028087 0.422804 0.905786 0.560629;
 0.000000 0.000000 0.000000 1.000000];
cameras = [ basler6 ]
scene_id = 82 
target_pose = [ 0.999122 -0.016435 0.038545 -0.107478;
 0.031183 0.906086 -0.421944 0.597924;
 -0.027991 0.422775 0.905802 0.560536;
 0.000000 0.000000 0.000000 1.000000];
cameras = [ basler6 ]
scene_id = 83 
target_pose = [ 0.999123 -0.016332 0.038544 -0.133911;
 0.031087 0.906120 -0.421876 0.597827;
 -0.028035 0.422705 0.905834 0.560479;
 0.000000 0.000000 0.000000 1.000000];
cameras = [ basler6 ]
scene_id = 84 
target_pose = [ 0.999131 -0.016154 0.038427 -0.218531;
 0.030876 0.906120 -0.421892 0.597880;
 -0.028005 0.422712 0.905832 0.560512;
 0.000000 0.000000 0.000000 1.000000];
cameras = [ basler6 ]
scene_id = 85 
target_pose = [ 0.782481 0.573225 -0.243180 -0.163805;
 -0.622049 0.702110 -0.346548 0.629202;
 -0.027911 0.422438 0.905962 0.560416;
 0.000000 0.000000 0.000000 1.000000];
cameras = [ basler6 ]
scene_id = 86 
target_pose = [ 0.780957 0.574879 -0.244173 -0.163624;
 -0.623955 0.700537 -0.346305 0.629475;
 -0.028031 0.422802 0.905788 0.443378;
 0.000000 0.000000 0.000000 1.000000];
cameras = [ basler6 ]
scene_id = 87 
target_pose = [ 0.787132 0.567840 -0.240790 -0.164617;
 -0.606815 0.782864 -0.137473 0.633772;
 0.110443 0.254325 0.960792 0.419800;
 0.000000 0.000000 0.000000 1.000000];
cameras = [ basler6 ]
scene_id = 88 
target_pose = [ 0.787088 0.567914 -0.240764 -0.164542;
 -0.606548 0.783570 -0.134599 0.634041;
 0.112215 0.251976 0.961205 0.293614;
 0.000000 0.000000 0.000000 1.000000];
cameras = [ basler6 ]
scene_id = 89 
target_pose = [ 0.787229 0.567783 -0.240609 -0.164582;
 -0.606358 0.783747 -0.134428 0.578375;
 0.112251 0.251720 0.961268 0.292035;
 0.000000 0.000000 0.000000 1.000000];
cameras = [ basler6 ]
scene_id = 90 
target_pose = [ 0.787212 0.567830 -0.240555 -0.110244;
 -0.606386 0.783731 -0.134394 0.574762;
 0.112217 0.251666 0.961286 0.291691;
 0.000000 0.000000 0.000000 1.000000];
cameras = [ basler6 ]
scene_id = 91 
target_pose = [ 0.787242 0.567831 -0.240452 0.040917;
 -0.606344 0.783790 -0.134241 0.575028;
 0.112238 0.251476 0.961334 0.258048;
 0.000000 0.000000 0.000000 1.000000];
cameras = [ basler6 ]
scene_id = 92 
target_pose = [ 0.787126 0.567949 -0.240554 0.092361;
 -0.606522 0.783601 -0.134541 0.574829;
 0.112086 0.251802 0.961266 0.257716;
 0.000000 0.000000 0.000000 1.000000];
cameras = [ basler6 ]
scene_id = 93 
target_pose = [ 0.994342 -0.106225 -0.000990 -0.368979;
 0.106099 0.993536 -0.040370 0.399659;
 0.005271 0.040036 0.999184 0.083964;
 0.000000 0.000000 0.000000 1.000000];
cameras = [ basler6 ]
scene_id = 94 
target_pose = [ 0.993686 -0.112193 -0.000388 -0.235880;
 0.112094 0.992945 -0.038677 0.396764;
 0.004725 0.038389 0.999252 0.082828;
 0.000000 0.000000 0.000000 1.000000];
cameras = [ basler6 ]
scene_id = 95 
target_pose = [ 0.993687 -0.112188 -0.000333 0.334908;
 0.112091 0.992942 -0.038744 0.412522;
 0.004678 0.038462 0.999249 0.082845;
 0.000000 0.000000 0.000000 1.000000];
cameras = [ basler6 ]
scene_id = 96 
target_pose = [ 0.993695 -0.112113 -0.000389 0.371260;
 0.112012 0.992944 -0.038940 0.524684;
 0.004752 0.038651 0.999241 0.082853;
 0.000000 0.000000 0.000000 1.000000];
cameras = [ basler6 ]
scene_id = 97 
target_pose = [ 0.993677 -0.112278 -0.000366 0.314360;
 0.112179 0.992927 -0.038890 0.525747;
 0.004730 0.038603 0.999243 0.082871;
 0.000000 0.000000 0.000000 1.000000];
cameras = [ basler6 ]
scene_id = 98 
target_pose = [ 0.993677 -0.112280 -0.000533 0.197392;
 0.112174 0.992928 -0.038862 0.524562;
 0.004893 0.038557 0.999244 0.082887;
 0.000000 0.000000 0.000000 1.000000];
cameras = [ basler6 ]
scene_id = 99 
target_pose = [ 0.993677 -0.112275 -0.000235 0.103688;
 0.112182 0.992933 -0.038725 0.518900;
 0.004581 0.038453 0.999250 0.082799;
 0.000000 0.000000 0.000000 1.000000];
cameras = [ basler6 ]
scene_id = 100 
target_pose = [ 0.993668 -0.112355 -0.000262 -0.008429;
 0.112260 0.992924 -0.038729 0.518951;
 0.004611 0.038455 0.999250 0.082836;
 0.000000 0.000000 0.000000 1.000000];
cameras = [ basler6 ]
scene_id = 101 
target_pose = [ 0.993669 -0.112346 -0.000242 -0.102906;
 0.112252 0.992926 -0.038690 0.518749;
 0.004587 0.038418 0.999251 0.082832;
 0.000000 0.000000 0.000000 1.000000];
cameras = [ basler6 ]
scene_id = 102 
target_pose = [ 0.993690 -0.112157 -0.000406 -0.243061;
 0.112057 0.992943 -0.038827 0.519003;
 0.004758 0.038537 0.999246 0.082854;
 0.000000 0.000000 0.000000 1.000000];
cameras = [ basler6 ]
scene_id = 103 
target_pose = [ 0.993672 -0.112318 -0.000468 -0.352300;
 0.112216 0.992932 -0.038657 0.518658;
 0.004806 0.038360 0.999252 0.082799;
 0.000000 0.000000 0.000000 1.000000];
cameras = [ basler6 ]
scene_id = 104 
target_pose = [ 0.999960 0.008985 -0.000406 -0.428817;
 -0.008994 0.999213 -0.038624 0.527566;
 0.000059 0.038626 0.999254 0.083102;
 0.000000 0.000000 0.000000 1.000000];
cameras = [ basler6 ]
scene_id = 105 
target_pose = [ 0.999942 0.010755 -0.000533 -0.419967;
 -0.010768 0.999198 -0.038572 0.678901;
 0.000118 0.038576 0.999256 0.083060;
 0.000000 0.000000 0.000000 1.000000];
cameras = [ basler6 ]
scene_id = 106 
target_pose = [ 0.999943 0.010707 -0.000497 -0.320024;
 -0.010719 0.999193 -0.038722 0.677050;
 0.000082 0.038725 0.999250 0.083140;
 0.000000 0.000000 0.000000 1.000000];
cameras = [ basler6 ]
scene_id = 107 
target_pose = [ 0.999944 0.010567 -0.000351 -0.224027;
 -0.010573 0.999194 -0.038724 0.676874;
 -0.000058 0.038726 0.999250 0.083178;
 0.000000 0.000000 0.000000 1.000000];
cameras = [ basler6 ]
scene_id = 108 
target_pose = [ 0.999944 0.010550 -0.000219 -0.005560;
 -0.010551 0.999192 -0.038794 0.699535;
 -0.000191 0.038794 0.999247 0.083182;
 0.000000 0.000000 0.000000 1.000000];
cameras = [ basler6 ]
scene_id = 109 
target_pose = [ 0.999945 0.010531 -0.000198 0.257917;
 -0.010531 0.999193 -0.038760 0.699951;
 -0.000210 0.038760 0.999249 0.083142;
 0.000000 0.000000 0.000000 1.000000];
cameras = [ basler6 ]
scene_id = 110 
target_pose = [ 0.999943 0.010707 -0.000317 0.356189;
 -0.010711 0.999188 -0.038852 0.699581;
 -0.000099 0.038853 0.999245 0.083189;
 0.000000 0.000000 0.000000 1.000000];
cameras = [ basler6 ]
scene_id = 111 
target_pose = [ 0.999944 0.010562 -0.000443 0.313641;
 -0.010571 0.999185 -0.038965 0.681366;
 0.000032 0.038968 0.999240 0.183572;
 0.000000 0.000000 0.000000 1.000000];
cameras = [ basler6 ]
scene_id = 112 
target_pose = [ 0.999942 0.010740 -0.000330 0.148755;
 -0.010745 0.999186 -0.038874 0.681228;
 -0.000088 0.038875 0.999244 0.184830;
 0.000000 0.000000 0.000000 1.000000];
cameras = [ basler6 ]
scene_id = 113 
target_pose = [ 0.999944 0.010564 -0.000427 -0.015340;
 -0.010573 0.999190 -0.038815 0.681475;
 0.000016 0.038818 0.999246 0.184854;
 0.000000 0.000000 0.000000 1.000000];
cameras = [ basler6 ]
scene_id = 114 
target_pose = [ 0.999944 0.010591 -0.000375 -0.209801;
 -0.010598 0.999199 -0.038598 0.681256;
 -0.000034 0.038600 0.999255 0.184762;
 0.000000 0.000000 0.000000 1.000000];
cameras = [ basler6 ]
scene_id = 115 
target_pose = [ 0.999941 0.010816 -0.000262 -0.319721;
 -0.010818 0.999195 -0.038635 0.681426;
 -0.000156 0.038635 0.999253 0.184793;
 0.000000 0.000000 0.000000 1.000000];
cameras = [ basler6 ]
scene_id = 116 
target_pose = [ 0.999944 0.010538 -0.000342 -0.399467;
 -0.010544 0.999200 -0.038565 0.681038;
 -0.000065 0.038567 0.999256 0.184720;
 0.000000 0.000000 0.000000 1.000000];
cameras = [ basler6 ]
scene_id = 117 
target_pose = [ 0.999943 0.010644 -0.000240 -0.402137;
 -0.010645 0.999193 -0.038731 0.525252;
 -0.000173 0.038732 0.999250 0.185002;
 0.000000 0.000000 0.000000 1.000000];
cameras = [ basler6 ]
scene_id = 118 
target_pose = [ 0.999944 0.010601 -0.000329 -0.299422;
 -0.010606 0.999191 -0.038790 0.506723;
 -0.000083 0.038792 0.999247 0.184919;
 0.000000 0.000000 0.000000 1.000000];
cameras = [ basler6 ]
scene_id = 119 
target_pose = [ 0.999946 0.010413 -0.000181 -0.163402;
 -0.010412 0.999189 -0.038887 0.506471;
 -0.000224 0.038887 0.999244 0.184901;
 0.000000 0.000000 0.000000 1.000000];
cameras = [ basler6 ]
scene_id = 120 
target_pose = [ 0.999943 0.010641 -0.000273 0.122503;
 -0.010644 0.999197 -0.038639 0.507041;
 -0.000139 0.038640 0.999253 0.184738;
 0.000000 0.000000 0.000000 1.000000];
cameras = [ basler6 ]
scene_id = 121 
target_pose = [ -0.021481 -0.997590 0.065981 -0.588554;
 0.998650 -0.024533 -0.045792 0.065225;
 0.047300 0.064909 0.996770 0.668130;
 0.000000 0.000000 0.000000 1.000000];
cameras = [ basler7 ]
scene_id = 122 
target_pose = [ 0.139632 -0.987983 0.066283 -0.599354;
 0.989547 0.136788 -0.045679 0.074799;
 0.036064 0.071969 0.996755 0.603592;
 0.000000 0.000000 0.000000 1.000000];
cameras = [ basler7 ]
scene_id = 126 
target_pose = [ 0.003415 -0.997788 0.066390 -0.572933;
 0.998958 0.000384 -0.045627 -0.225263;
 0.045501 0.066477 0.996750 0.704564;
 0.000000 0.000000 0.000000 1.000000];
cameras = [ basler7 ]
scene_id = 127 
target_pose = [ 0.262050 -0.962772 0.066327 -0.588688;
 0.957768 0.251027 -0.140236 -0.205012;
 0.118366 0.100274 0.987894 0.560202;
 0.000000 0.000000 0.000000 1.000000];
cameras = [ basler7 ]
scene_id = 128 
target_pose = [ 0.374041 -0.905690 0.199546 -0.592394;
 0.925210 0.349594 -0.147547 -0.150716;
 0.063871 0.239811 0.968716 0.519832;
 0.000000 0.000000 0.000000 1.000000];
cameras = [ basler7 ]
scene_id = 129 
target_pose = [ 0.501474 -0.865112 0.010238 -0.598496;
 0.856415 0.494684 -0.147786 -0.135345;
 0.122787 0.082879 0.988966 0.429060;
 0.000000 0.000000 0.000000 1.000000];
cameras = [ basler7 ]
scene_id = 131 
target_pose = [ -0.741706 -0.670704 0.005312 -0.532748;
 0.662791 -0.734124 -0.147548 -0.038942;
 0.102861 -0.105917 0.989041 0.383310;
 0.000000 0.000000 0.000000 1.000000];
cameras = [ basler7 ]
scene_id = 132 
target_pose = [ -0.807908 -0.582269 0.090810 -0.521532;
 0.567283 -0.810159 -0.147757 -0.033944;
 0.159605 -0.067859 0.984846 0.336947;
 0.000000 0.000000 0.000000 1.000000];
cameras = [ basler7 ]
scene_id = 133 
target_pose = [ -0.757196 -0.650007 0.064384 -0.530245;
 0.635800 -0.756042 -0.155429 0.117977;
 0.149707 -0.076755 0.985747 0.336420;
 0.000000 0.000000 0.000000 1.000000];
cameras = [ basler7 ]
scene_id = 134 
target_pose = [ -0.756019 -0.651420 0.063930 -0.530033;
 0.637229 -0.754814 -0.155545 0.177339;
 0.149581 -0.076856 0.985758 0.336422;
 0.000000 0.000000 0.000000 1.000000];
cameras = [ basler7 ]
scene_id = 135 
target_pose = [ -0.769630 -0.586027 0.253460 -0.524461;
 0.567451 -0.809773 -0.149218 0.180963;
 0.292691 0.028983 0.955768 0.310761;
 0.000000 0.000000 0.000000 1.000000];
cameras = [ basler7 ]
scene_id = 136 
target_pose = [ -0.769498 -0.585236 0.255677 -0.524477;
 0.566698 -0.810304 -0.149198 0.181199;
 0.294492 0.030085 0.955180 0.387934;
 0.000000 0.000000 0.000000 1.000000];
cameras = [ basler7 ]
