scene_id = 0 
target_pose = [ 0.002946 -0.945143 -0.326643 -0.425225;
 0.803715 0.196594 -0.561598 0.078763;
 0.595007 -0.260874 0.760205 0.699697;
 0.000000 0.000000 0.000000 1.000000];
cameras = [ basler9 ]
scene_id = 1 
target_pose = [ 0.233276 -0.915514 -0.327744 -0.562515;
 0.731573 0.387272 -0.561090 0.096793;
 0.640612 -0.108880 0.760106 0.606508;
 0.000000 0.000000 0.000000 1.000000];
cameras = [ basler9 ]
scene_id = 2 
target_pose = [ 0.587718 -0.758823 0.280669 -0.620375;
 0.628439 0.209673 -0.749067 0.100223;
 0.509561 0.616624 0.600103 0.750805;
 0.000000 0.000000 0.000000 1.000000];
cameras = [ basler9 ]
scene_id = 3 
target_pose = [ 0.459240 -0.877047 0.141020 -0.567024;
 0.627872 0.208181 -0.749958 0.100258;
 0.628391 0.432954 0.646279 0.698659;
 0.000000 0.000000 0.000000 1.000000];
cameras = [ basler9 ]
scene_id = 4 
target_pose = [ 0.455113 -0.879849 0.136885 -0.447785;
 0.628077 0.208233 -0.749772 0.100459;
 0.631182 0.427206 0.647383 0.697431;
 0.000000 0.000000 0.000000 1.000000];
cameras = [ basler9 ]
scene_id = 5 
target_pose = [ 0.455179 -0.879812 0.136906 -0.357501;
 0.628008 0.208226 -0.749832 0.100447;
 0.631204 0.427286 0.647309 0.697243;
 0.000000 0.000000 0.000000 1.000000];
cameras = [ basler9 ]
scene_id = 6 
target_pose = [ 0.291047 -0.956450 -0.022260 -0.376664;
 0.628125 0.208585 -0.749634 0.100294;
 0.721631 0.204197 0.661478 0.677399;
 0.000000 0.000000 0.000000 1.000000];
cameras = [ basler9 ]
scene_id = 7 
target_pose = [ 0.286706 -0.957659 -0.026247 -0.269153;
 0.628567 0.208716 -0.749227 0.100770;
 0.722982 0.198310 0.661793 0.677198;
 0.000000 0.000000 0.000000 1.000000];
cameras = [ basler9 ]
scene_id = 8 
target_pose = [ 0.286214 -0.957808 -0.026180 -0.251783;
 0.628132 0.208193 -0.749738 0.127066;
 0.723555 0.198141 0.661217 0.656038;
 0.000000 0.000000 0.000000 1.000000];
cameras = [ basler9 ]
scene_id = 9 
target_pose = [ 0.286247 -0.957791 -0.026456 -0.251488;
 0.627834 0.208350 -0.749943 0.112613;
 0.723800 0.198059 0.660973 0.586931;
 0.000000 0.000000 0.000000 1.000000];
cameras = [ basler9 ]
scene_id = 10 
target_pose = [ 0.690842 -0.693764 -0.203539 -0.291692;
 0.345751 0.564250 -0.749718 0.156754;
 0.634975 0.447563 0.629678 0.603465;
 0.000000 0.000000 0.000000 1.000000];
cameras = [ basler9 ]
